Gene	Length(codons)	Average reads (per codon)	Sum of reads
YKL096W-A	93	1731.51612903	161031
YNL255C	154	43.5454545455	6706
YLR355C	396	232.075757576	91902
YLR300W	449	102.423162584	45988
YHR007C	531	48.0188323917	25498
YLR179C	202	51.6435643564	10432
YDL055C	362	314.604972376	113887
YML009C	71	18.2816901408	1298
YKL182W	2052	103.165692008	211696
YER030W	154	25.5519480519	3935
YKR039W	603	68.1907131012	41119
YPL265W	609	73.5681444992	44803
YEL026W	127	88.8897637795	11289
YLR056W	366	39.5273224044	14467
YHR193C	175	244.942857143	42865
YBL099W	546	70.4395604396	38460
YBR162C	456	89.7697368421	40935
YGL148W	377	39.6763925729	14958
YPL078C	245	32.1020408163	7865
YMR108W	688	29.7078488372	20439
YDR233C	296	84.1114864865	24897
YJR070C	326	30.6441717791	9990
YCR005C	461	83.6312364425	38554
YKL056C	168	421.113095238	70747
YNL007C	353	63.2804532578	22338
YBR164C	184	22.527173913	4145
YER012W	199	33.7989949749	6726
YDL135C	203	21.0344827586	4270
YPL237W	286	38.3216783217	10960
YML058W	105	189.2	19866
YPL154C	406	95.9778325123	38967
YHR137W	514	39.3112840467	20206
YDR276C	56	218.125	12215
YBR286W	538	89.3159851301	48052
YOR362C	289	34.2283737024	9892
YML074C	412	44.3980582524	18292
YGR253C	261	40.9578544061	10690
YDR510W	102	112.696078431	11495
YPL231W	1888	98.96875	186853
YBR162W-A	66	41.803030303	2759
YKR048C	418	28.0358851675	11719
YAL012W	395	122.070886076	48218
YMR002W	157	97.2675159236	15271
YOR052C	151	28.4039735099	4289
YJL133C-A	75	162.986666667	12224
YEL060C	636	48.641509434	30936
YDL181W	86	22.8488372093	1965
YKR001C	705	30.5304964539	21524
YDL232W	37	37.1891891892	1376
YJR148W	377	48.9389920424	18450
YIL051C	146	118.616438356	17318
YML001W	209	37.8851674641	7918
YML058W-A	69	16.8985507246	1166
YOR063W	388	551.590206186	214017
YHR049W	244	35.1598360656	8579
YOL040C	143	549.300699301	78550
YCL035C	111	59.7207207207	6629
YOR276W	162	62.0555555556	10053
YLR038C	84	31.6666666667	2660
YJL173C	123	20.8536585366	2565
YMR072W	184	63.3423913043	11655
YGR209C	105	215.314285714	22608
YFL038C	207	73.2463768116	15162
YIL053W	251	267.960159363	67258
YPL059W	151	24.3708609272	3680
YGL253W	487	230.574948665	112290
YAR002C-A	220	38.3954545455	8447
YGL245W	709	94.2538787024	66826
YKL104C	718	22.573816156	16208
YBR109C	148	96.6081081081	14298
YOL077W-A	69	31.2173913043	2154
YBR154C	216	23.4861111111	5073
YPR062W	159	34.9685534591	5560
YDL185W	1072	109.712686567	117612
YLR178C	220	24.2818181818	5342
YDL212W	211	27.7488151659	5855
YML022W	188	38.7606382979	7287
YIL142W	528	27.1912878788	14357
YNL138W	527	40.1290322581	21148
YGL255W	377	352.75066313	132987
YOL143C	170	105.464705882	17929
YHL015W	122	550.729508197	67189
YDL084W	447	80.3713646532	35926
YFL022C	504	37.5099206349	18905
YNL071W	483	61.4306418219	29671
YOR323C	457	38.6958424508	17684
YER026C	277	100.324909747	27790
YPR035W	371	287.69541779	106735
YOR157C	262	44.8244274809	11744
YGL054C	139	52.8561151079	7347
YMR203W	388	46.2912371134	17961
YPL225W	147	64.5986394558	9496
YGR020C	119	55.3277310924	6584
YPR183W	268	61.4850746269	16478
YDR525W-A	80	24.4	1952
YLR075W	222	667.072072072	148090
YER009W	126	152.261904762	19185
YBR011C	288	316.163194444	91055
YKL060C	360	2262.25833333	814413
YPR149W	174	172.137931034	29952
YNL015W	76	73.6710526316	5599
YBR085C-A	86	70.9534883721	6102
YPL028W	399	80.0175438596	31927
YLR262C-A	65	106.753846154	6939
YJL166W	95	48.3473684211	4593
YOR230W	438	47.7694063927	20923
YGR234W	400	64.2675	25707
YFL005W	216	43.0509259259	9299
YGL123W	255	498.850980392	127207
YLR109W	177	1535.81920904	271840
YKL016C	175	35.2114285714	6162
YPL111W	334	105.251497006	35154
YIL033C	417	20.2685851319	8452
YGR106C	266	47.7819548872	12710
YAL044C	171	46.6608187135	7979
YHR143W	326	33.4447852761	10903
YGR008C	85	47.9647058824	4077
YBR221C	367	66.9209809264	24560
YHR064C	539	89.4489795918	48213
YDR377W	102	54.5196078431	5561
YOR327C	116	34.8965517241	4048
YOL139C	214	91.4859813084	19578
YER146W	94	32.9468085106	3097
YOR232W	229	37.6069868996	8612
YEL051W	257	41.5291828794	10673
YCR012W	417	1834.95443645	765176
YML028W	197	736.92893401	145175
YLR043C	104	160.634615385	16706
YER091C	768	276.98828125	212727
YKR013W	330	35.3090909091	11652
YOR020C	107	145.327102804	15550
YBR126C	496	54.8205645161	27191
YGL202W	501	53.6966067864	26902
YGR060W	310	64.0129032258	19844
YJR016C	586	52.9778156997	31045
YDL100C	355	47.1887323944	16752
YOR007C	347	64.2305475504	22288
YHR019C	555	66.6396396396	36985
YIL078W	735	65.2530612245	47961
YMR307W	560	170.0125	95207
YKR093W	602	49.6146179402	29868
YDR032C	199	94.6432160804	18834
YDR158W	366	85.6912568306	31363
YLR340W	313	506.271565495	158463
YGL106W	150	53.7933333333	8069
YNR058W	481	39.4407484407	18971
YDL022W	392	76.9209183673	30153
YBR052C	211	30.7393364929	6486
YDL124W	313	56.3897763578	17650
YNL079C	200	105.305	21061
YKL142W	220	51.1727272727	11258
YOR210W	71	46.1690140845	3278
YGR285C	434	110.170506912	47814
YGR082W	184	25.4673913043	4686
YOR187W	438	34.1940639269	14977
YMR217W	526	43.5627376426	22914
YDL126C	836	97.1782296651	81241
YHR128W	217	48.3133640553	10484
YKL216W	315	132.26984127	41665
YJL026W	400	83.27	33308
YGL068W	195	29.4256410256	5738
YGR169C-A	93	18.0537634409	1679
YGR175C	497	48.3440643863	24027
YJR104C	155	385.522580645	59756
YOR317W	701	55.8873038516	39177
YGL037C	217	68.8755760369	14946
YGR240C	988	85.8997975709	84869
YPL010W	190	37.5105263158	7127
YHR072W-A	59	74.0508474576	4369
YKL080W	393	42.8142493639	16826
YMR318C	361	45.3850415512	16384
YBL030C	319	118.238244514	37718
YDR519W	136	23.6544117647	3217
YDL130W-A	87	27.0114942529	2350
YNL036W	222	118.391891892	26283
YOR285W	140	58.3	8162
YPL106C	694	159.305475504	110558
YCR088W	593	54.7116357504	32444
YHR026W	214	40.7242990654	8715
YML106W	227	38.1762114537	8666
YLR150W	274	343.299270073	94064
YML008C	384	66.125	25392
YHR143W-A	71	33.5492957746	2382
YER048W-A	95	22.8736842105	2173
YLR395C	79	39.3544303797	3109
YFL045C	255	140.164705882	35742
YFL010C	212	59.7311320755	12663
YOL129W	185	22.8	4218
YDL004W	161	40.1118012422	6458
YOR198C	471	68.0042462845	32030
YHR089C	206	28.8155339806	5936
YLR301W	245	78.0	19110
YDL160C	507	36.9940828402	18756
YGR167W	234	43.952991453	10285
YBR283C	491	30.2892057026	14872
YOL058W	421	38.973871734	16408
YBR039W	312	35.5576923077	11094
YPL234C	165	53.9333333333	8899
YER120W	245	65.7142857143	16100
YML129C	71	28.0985915493	1995
YJR073C	207	125.666666667	26013
YOL154W	250	474.572	118643
YEL027W	161	260.385093168	41922
YOR224C	147	34.5170068027	5074
YGR065C	594	69.3451178451	41191
YCR004C	248	52.5685483871	13037
YFR044C	482	50.9979253112	24581
YPL271W	63	58.5873015873	3691
YOR265W	107	20.3551401869	2178
YFL014W	110	122.490909091	13474
YNL131W	153	68.2679738562	10445
YDL110C	151	29.7350993377	4490
YPR073C	162	23.3209876543	3778
YOR332W	234	149.876068376	35071
YDR524C-B	67	2111.76119403	141488
YKL096W	240	148.483333333	35636
YGL191W	130	39.5230769231	5138
YLR257W	322	40.751552795	13122
YPR133W-A	51	65.9019607843	3361
YNL300W	103	75.932038835	7821
YKL117W	217	118.631336406	25743
YGR189C	508	38.5433070866	19580
YKL035W	500	93.574	46787
YJR077C	312	54.3397435897	16954
YDR098C	251	29.5896414343	7427
YMR241W	315	52.4571428571	16524
YPR036W-A	68	547.323529412	37218
YDR461W	37	103.027027027	3812
YMR122W-A	85	283.811764706	24124
YNL135C	115	185.8	21367
YBL001C	105	41.1047619048	4316
YOR382W	154	31.2272727273	4809
YLR027C	419	52.4057279236	21958
YDR322C-A	97	24.1546391753	2343
YKL152C	248	1758.46774194	436100
YDL081C	107	546.738317757	58501
YBR025C	395	93.7924050633	37048
YIR037W	164	59.8963414634	9823
YPR165W	210	72.4142857143	15207
YDL208W	157	36.4777070064	5727
YFL037W	458	54.807860262	25102
YNL111C	121	23.6198347107	2858
YLR372W	346	37.4768786127	12967
YMR314W	235	37.5574468085	8826
YHR005C-A	94	50.9680851064	4791
YHR208W	394	35.576142132	14017
YLL014W	109	20.2201834862	2204
YCL050C	322	55.5372670807	17883
YER019C-A	89	46.6292134831	4150
YKL067W	154	50.8701298701	7834
YOL109W	114	334.596491228	38144
YDL046W	174	41.0459770115	7142
YMR202W	223	42.7488789238	9533
YDR454C	188	64.0744680851	12046
YPL061W	501	622.115768463	311680
YIL138C	162	31.3518518519	5079
YJR123W	226	621.309734513	140416
YDL067C	60	67.7833333333	4067
YMR256C	61	41.6393442623	2540
YBL041W	242	46.5041322314	11254
YML004C	327	34.128440367	11160
YKL192C	126	81.1428571429	10224
YIL041W	327	55.9174311927	18285
YIL002W-A	70	23.5285714286	1647
YNL070W	61	59.2950819672	3617
YNL244C	109	96.623853211	10532
YLR438C-A	90	26.7888888889	2411
YDR529C	128	43.34375	5548
YER112W	188	15.9308510638	2995
YCR053W	515	62.213592233	32040
YJL174W	277	26.5415162455	7352
YOR136W	370	58.8864864865	21788
YBR196C	555	343.493693694	190639
YDR002W	202	124.915841584	25233
YJR085C	106	41.8490566038	4436
YHL034C	295	87.3966101695	25782
YER036C	611	33.8232405892	20666
YLL018C	558	71.9874551971	40169
YHR179W	401	110.551122195	44331
YML092C	251	38.374501992	9632
YNL239W	455	30.5846153846	13916
YNL145W	39	316.564102564	12346
YDR226W	223	192.659192825	42963
YNL160W	355	27.8845070423	9899
YAL038W	501	2040.11976048	1022100
YOR369C	144	539.986111111	77758
YGL256W	383	119.511749347	45773
YLR325C	79	550.341772152	43477
YBR088C	259	32.3783783784	8386
YKL103C	515	21.7941747573	11224
YKL196C	201	30.1293532338	6056
YER025W	528	37.1098484848	19594
YMR226C	268	51.0149253731	13672
YER178W	421	80.2446555819	33783
YOL038W	255	37.6156862745	9592
YER043C	450	413.144444444	185915
YGL105W	377	93.9655172414	35425
YNL010W	242	59.9049586777	14497
YPL131W	298	501.604026846	149478
YGR155W	508	121.088582677	61513
YHR018C	464	50.4461206897	23407
YOL005C	121	27.2644628099	3299
YGR282C	314	180.496815287	56676
YLR216C	372	61.0295698925	22703
YBR127C	518	100.947876448	52291
YDR368W	313	33.6166134185	10522
YLR192C	266	41.3082706767	10988
YBR149W	345	40.9913043478	14142
YNR057C	238	38.3907563025	9137
YOR374W	520	97.3769230769	50636
YGR180C	346	109.10982659	37752
YDR050C	249	1158.562249	288482
YOR153W	1512	46.9246031746	70950
YLR110C	134	3317.14925373	444498
YBR106W	189	122.529100529	23158
YNR001C	480	54.8604166667	26333
YNL178W	241	531.510373444	128094
YHR162W	130	90.0846153846	11711
YGR037C	88	209.625	18447
YGR284C	311	26.768488746	8325
YPR069C	294	68.0612244898	20010
YOR298C-A	152	153.118421053	23274
YDR429C	275	39.7854545455	10941
YDL045W-A	96	18.8645833333	1811
YGL187C	156	28.1666666667	4394
YJL167W	353	100.504249292	35478
YNL064C	410	71.112195122	29156
YOR045W	62	53.3225806452	3306
YHR104W	328	25.0640243902	8221
YDR363W-A	90	53.4	4806
YDR497C	585	77.8632478632	45550
YPL037C	158	246.063291139	38878
YPL135W	166	32.2831325301	5359
YKL085W	335	29.1791044776	9775
YGR286C	376	87.4281914894	32873
YBR067C	211	252.815165877	53344
YML012W	212	46.7405660377	9909
YLR060W	596	37.5184563758	22361
YDR071C	192	43.9583333333	8440
YDR353W	320	86.003125	27521
YHR183W	490	120.969387755	59275
YDL085C-A	69	18.3333333333	1265
YER094C	206	38.432038835	7917
YMR260C	154	85.5649350649	13177
YML078W	183	62.8306010929	11498
YIL043C	285	28.5403508772	8134
YMR083W	376	42.8457446809	16110
YEL002C	431	27.0928074246	11677
YOL030W	485	32.4226804124	15725
YMR099C	298	37.0100671141	11029
YLR153C	684	63.5979532164	43501
YDR086C	81	115.987654321	9395
YKR042W	366	227.860655738	83397
YOR142W	330	47.1090909091	15546
YOR184W	396	38.9898989899	15440
YLR208W	298	36.8154362416	10971
YER087C-B	83	55.6626506024	4620
YER072W	130	48.0461538462	6246
YBR249C	371	59.1644204852	21950
YDR023W	463	76.9654427646	35635
YCR009C	266	30.3082706767	8062
YMR251W-A	60	473.016666667	28381
YJR105W	341	125.627565982	42839
YLR058C	470	92.1574468085	43314
