YOR389W	1	0	0	0	0	0	0	0	0	0	0	1	0	0	0	0	0	0	0	0	0	0	0	0	0	0	0	1	0	0	1	3	1	0	3	1	1	2	5	1	4	2	0	1	2	0	0	0
YOR011W	0	0	0	0	0	0	0	0	0	0	0	0	0	0	0	0	0	0	0	0	2	0	0	0	0	0	0	0	0	0	0	0	0	0	0	0	0	0	0	0	0	0	0	0	0	0	0	0
YMR323W	0	0	0	0	0	0	1	0	0	0	0	0	0	0	0	0	0	0	0	0	0	0	0	0	0	0	0	0	0	0	0	0	0	0	0	0	0	0	0	0	0	0	0	0	0	0	0	0
YIR004W	2	0	0	0	0	0	0	1	0	0	0	0	0	0	0	0	0	0	0	0	0	0	0	0	0	0	0	0	0	0	0	0	0	0	0	0	0	0	0	0	0	0	0	0	0	0	0	0
YIL176C	0	0	0	0	0	0	0	0	0	0	0	0	1	0	0	0	0	0	0	0	0	0	0	0	0	0	0	1	0	0	0	0	0	0	0	0	0	1	1	1	3	0	0	0	0	0	0	0
YMR205C	0	0	0	1	0	1	0	0	0	0	0	0	0	0	0	0	0	1	0	0	0	0	0	0	0	0	0	0	0	0	0	0	0	1	0	0	0	0	0	0	0	0	1	0	0	0	0	0
YCR005C	0	0	1	0	0	0	0	0	0	0	0	0	0	0	0	0	0	0	0	0	0	0	0	0	0	0	0	0	0	0	0	0	0	0	0	0	0	0	0	0	0	0	0	0	0	0	0	0
YGR148C	4	7	8	7	17	3	4	7	9	7	7	9	12	13	8	11	16	14	17	11	10	41	26	27	109	40	25	222	75	209	372	500	508	431	852	661	300	1104	540	261	873	90	189	146	33	22	17	14
YKR059W	16	33	30	32	47	30	35	54	68	35	90	64	45	80	32	76	59	43	88	122	81	157	177	131	595	242	292	1434	415	1619	2813	2426	4435	3942	5545	6880	2263	7881	6790	2172	7350	1714	1702	1339	314	229	133	129
YER131W	11	7	1	6	4	4	2	4	3	2	7	2	0	14	5	7	0	4	10	8	12	17	19	5	36	16	1	75	15	61	128	80	102	130	263	103	92	247	137	63	297	22	63	50	11	0	1	6
YPL249C-A	3	4	2	5	6	2	9	6	1	6	15	3	3	9	0	10	8	3	14	13	3	17	15	10	90	22	20	293	54	70	876	322	168	837	874	265	602	1746	336	999	1198	130	690	233	36	96	35	33
YDR406W	0	0	0	0	0	0	0	0	0	0	0	0	0	0	0	0	0	0	0	0	0	0	0	0	0	0	0	0	0	1	0	0	0	0	0	0	0	0	0	0	0	0	0	0	0	0	0	0
YOR185C	1	0	0	1	0	0	0	2	0	0	3	0	0	0	0	0	0	0	0	0	1	1	0	0	2	0	0	4	0	1	16	0	2	7	2	1	0	0	0	0	0	0	0	0	0	0	0	0
YBR135W	0	0	0	0	0	0	0	0	0	0	0	0	0	0	0	0	0	0	0	1	0	0	1	0	0	0	1	0	0	2	0	0	11	2	5	9	0	1	2	2	1	0	0	0	0	0	0	1
YKL224C	0	0	0	0	0	0	0	0	0	0	0	0	1	0	0	0	0	0	0	0	0	0	0	0	0	0	0	0	0	0	0	0	0	0	0	0	1	1	0	0	0	0	0	0	0	0	0	0
YLR048W	9	3	6	6	7	8	8	13	8	15	7	14	4	2	6	12	3	5	15	10	22	21	24	20	83	23	18	165	21	190	166	163	530	321	354	491	308	324	756	270	326	212	176	109	43	25	13	27
YLL065W	0	0	0	0	0	0	0	0	0	0	0	0	0	0	0	0	0	0	0	0	0	0	0	0	0	0	0	0	0	0	0	0	0	0	0	0	0	0	0	1	0	0	0	0	0	0	0	0
YPR145W	0	0	2	0	0	1	1	2	3	1	2	1	1	1	1	1	1	1	0	8	2	5	8	2	8	4	7	33	10	61	36	73	124	45	149	152	39	238	166	27	161	38	14	22	10	1	3	3
YGL201C	0	0	0	0	0	0	0	0	0	0	0	0	0	0	0	0	0	0	0	0	0	0	0	0	0	0	0	0	0	1	1	1	3	0	1	0	0	0	2	0	1	0	0	0	0	0	0	0
YDR099W	1	2	0	0	0	2	0	3	0	0	6	3	3	1	3	0	0	0	3	2	0	3	4	2	0	3	5	9	4	20	28	24	48	44	62	73	13	32	49	1	42	18	5	13	3	0	5	1
YGR256W	0	0	0	0	0	1	0	0	0	0	0	0	0	0	1	0	0	0	0	0	0	0	0	0	0	0	1	0	0	0	0	0	6	0	0	10	0	0	8	0	0	0	0	0	0	0	0	0
YBL027W	4	2	13	10	13	9	7	19	18	10	12	21	14	11	10	27	9	11	23	11	48	43	34	34	197	83	82	492	129	583	721	726	1462	836	1197	1745	658	1533	1782	446	901	335	353	223	79	31	6	21
YKL096W-A	0	3	0	0	2	0	0	4	0	0	0	0	0	2	0	0	1	0	0	0	0	0	0	0	0	0	0	0	0	0	0	0	0	0	0	0	0	0	1	0	0	0	0	0	0	0	0	0
YFL010C	0	0	0	0	0	0	0	0	0	0	0	0	0	0	0	0	0	0	0	0	0	0	0	0	0	0	0	0	0	0	0	0	0	0	2	0	0	6	0	0	10	0	0	0	0	0	0	0
YNL019C	0	0	0	0	0	0	0	0	0	0	0	0	0	0	0	0	0	0	0	0	0	0	0	0	0	0	0	1	0	3	1	0	2	0	3	3	1	3	0	0	1	0	0	0	0	0	0	0
YKL020C	0	0	0	0	0	0	0	0	0	0	2	0	0	0	0	0	0	0	0	0	0	0	0	0	0	0	0	0	0	0	0	0	0	0	0	0	0	0	0	0	0	0	0	0	0	0	0	0
YLR154C-G	0	0	0	0	0	0	0	0	0	0	0	0	0	2	0	0	0	0	0	1	0	0	15	1	11	5	6	1	5	0	4	4	0	3	0	0	3	0	1	0	2	1	1	1	0	2	0	0
YOR309C	0	0	2	0	0	0	0	0	0	0	0	0	0	0	0	0	0	0	0	0	3	0	0	0	0	1	1	0	2	1	0	1	0	0	0	6	0	0	0	1	0	0	0	0	0	0	0	0
YPL277C	1	0	0	0	0	0	0	0	0	0	0	0	0	0	0	0	0	0	0	0	0	0	0	0	0	0	0	1	0	0	1	1	1	1	3	0	0	1	5	1	3	2	0	0	2	0	0	0
YAL063C	0	0	0	0	0	0	0	0	0	0	0	0	0	0	0	0	0	0	0	0	0	0	0	0	0	0	0	0	0	0	1	1	0	1	1	2	0	1	1	3	4	3	1	3	0	0	0	0
YLR465C	0	0	0	0	0	0	0	0	0	0	0	0	0	0	0	0	0	0	0	0	0	0	0	0	0	0	0	0	0	0	0	0	0	0	0	0	0	0	0	0	1	0	0	0	0	0	0	0
YJL219W	0	0	0	0	0	0	0	0	0	0	0	0	0	0	0	0	0	0	0	0	0	0	0	0	0	0	0	0	0	0	0	0	0	1	0	2	0	1	0	0	1	0	0	0	0	0	0	0
YDL246C	0	0	0	0	0	0	0	0	0	0	0	0	0	0	0	0	0	0	0	0	0	2	0	0	1	2	0	2	1	0	1	3	0	3	1	2	2	2	2	0	6	0	0	1	0	0	2	0
YDR033W	0	0	1	0	0	2	3	0	0	0	0	0	0	1	0	1	0	1	0	0	0	1	0	0	0	0	0	1	0	0	0	0	3	1	0	10	2	0	3	5	0	1	2	0	0	0	0	0
YER081W	0	0	0	0	0	0	0	0	0	0	0	1	0	1	1	0	0	0	0	1	3	1	1	1	0	3	0	1	1	10	2	5	7	9	5	17	4	9	16	4	14	1	9	3	0	1	0	1
YLR278C	0	0	0	0	0	0	0	1	0	0	0	0	0	0	0	0	0	0	0	0	0	0	0	0	0	0	0	0	0	0	0	0	0	0	0	0	0	0	0	0	0	1	0	0	0	0	0	0
YER070W	0	0	0	0	0	0	0	0	0	0	0	0	0	0	0	0	0	0	0	0	0	1	0	0	0	0	0	0	0	1	4	0	1	0	1	3	5	2	0	2	0	0	0	0	0	0	0	0
YPL036W	5	1	0	2	5	3	0	6	8	0	9	0	4	1	2	3	0	2	6	7	0	6	7	2	11	7	11	35	10	42	61	46	83	117	86	107	75	156	137	66	120	37	54	12	7	5	1	5
YCL069W	0	0	0	0	0	0	0	0	0	0	0	0	0	0	0	0	0	0	0	0	0	0	0	0	0	0	0	0	0	0	0	0	0	0	0	1	0	0	0	0	0	0	0	1	0	0	0	0
YDR450W	9	18	9	7	15	15	15	14	14	3	30	21	13	32	13	12	15	7	22	22	23	24	53	28	128	65	61	355	113	329	562	675	998	762	1154	1245	437	1287	1194	331	1210	338	180	168	62	31	11	30
YPR203W	0	0	0	0	0	0	1	0	0	0	0	0	0	0	0	0	0	0	1	1	0	1	0	0	0	1	2	1	2	4	8	10	13	10	11	22	9	23	12	4	12	4	5	3	0	0	2	0
YJL113W	1	0	0	0	0	0	0	0	0	0	0	0	0	0	0	0	0	0	0	0	0	0	0	0	0	0	0	1	2	0	1	3	3	2	1	1	1	1	0	0	4	1	1	0	1	0	0	0
YGL028C	0	0	0	0	0	0	0	0	0	0	0	0	0	0	0	2	0	0	0	0	0	0	0	0	0	0	0	0	0	0	0	0	0	0	0	0	0	0	0	0	0	0	0	0	0	0	0	0
YJL114W	0	0	0	0	0	0	0	0	0	0	0	0	0	0	0	0	0	0	0	0	0	0	0	0	0	0	1	0	0	0	0	1	1	1	0	0	0	1	2	0	2	0	0	0	1	0	0	0
YGL227W	0	0	0	0	0	0	0	0	1	0	0	0	0	0	0	0	0	0	0	0	0	0	0	0	0	0	0	0	0	0	0	2	0	0	2	0	0	0	0	0	0	0	0	0	1	0	0	0
YIL018W	22	15	24	30	27	52	22	54	50	24	65	61	29	75	28	36	58	34	48	55	72	107	114	89	338	157	173	1190	317	1243	2013	1905	3670	2766	4930	5498	1923	5845	5747	1681	5897	1202	1504	1100	292	282	143	186
YIL074C	0	0	0	0	0	0	0	0	0	0	0	1	0	1	1	0	0	0	0	1	3	1	1	1	0	3	0	1	1	10	2	5	7	9	5	17	4	9	16	4	14	1	9	3	0	1	0	1
YKR045C	0	0	0	0	0	0	0	0	0	0	0	0	0	0	0	0	0	0	0	0	0	0	0	0	0	0	0	0	0	0	0	0	0	0	3	0	0	0	0	0	0	0	0	0	0	0	0	0
YOL144W	0	0	0	0	1	0	0	0	0	0	0	0	0	0	0	0	0	0	0	0	0	0	0	0	0	0	0	0	0	0	0	0	0	1	0	0	0	0	0	0	0	0	0	0	0	0	0	0
YNR075W	0	0	0	0	0	0	0	0	0	0	0	0	0	0	0	0	0	0	0	0	0	0	0	0	0	0	0	0	0	0	0	0	0	0	0	0	0	0	1	0	0	0	0	0	0	0	0	0
YDR073W	0	0	0	0	0	0	0	0	0	0	0	0	0	0	0	0	0	0	0	0	0	0	0	0	0	0	0	0	0	0	0	0	0	0	2	0	0	0	2	0	2	0	0	0	0	0	0	0
YOL156W	0	0	0	0	0	0	0	0	0	0	0	0	0	0	0	0	0	0	0	0	0	0	0	0	0	0	0	0	0	0	1	0	0	1	0	2	0	2	0	0	1	0	0	0	0	0	0	0
YJR030C	0	0	0	0	0	0	0	0	0	0	0	0	0	0	0	0	0	0	0	0	0	0	0	0	0	0	0	0	0	0	0	0	0	0	0	1	0	0	0	0	0	0	0	0	0	0	0	0
YDR299W	0	0	0	0	0	1	0	0	0	0	0	0	0	0	0	0	0	0	0	0	1	0	0	0	0	0	0	0	1	0	0	0	0	0	0	0	0	0	0	0	0	0	0	0	0	0	0	0
YBR297W	0	0	0	0	0	0	0	0	0	0	0	0	0	0	0	0	0	0	0	0	0	0	0	0	0	0	0	0	2	0	1	2	0	0	0	3	0	1	0	1	2	0	0	0	0	0	0	0
YDR278C	28	3	8	6	3	30	2	21	8	15	3	2	5	0	23	4	16	7	13	7	5	14	8	22	17	55	45	70	92	31	116	144	298	78	1580	403	665	1791	21	1499	570	181	229	163	442	74	135	57
YKL156W	1	1	0	1	0	1	0	2	0	0	0	0	0	0	0	0	0	0	0	0	0	0	0	1	0	0	0	0	0	0	0	0	0	0	0	0	0	0	0	0	0	0	0	0	0	0	0	0
YBR202W	0	0	0	0	0	0	0	0	0	0	0	0	0	0	0	0	0	0	0	0	0	0	0	0	0	0	0	0	0	1	1	1	3	0	1	0	0	0	2	0	1	0	0	0	0	0	0	0
YCR039C	0	0	0	0	0	0	0	0	0	1	0	0	0	0	0	0	0	0	0	0	0	0	1	0	1	4	0	3	3	2	18	8	2	8	15	12	3	12	15	3	9	16	1	4	2	1	4	0
YGR118W	13	7	19	14	13	21	18	21	24	25	29	22	12	29	7	21	21	29	53	36	51	47	55	41	199	63	70	583	115	412	1081	786	1082	1669	1656	1583	946	2245	2045	615	1928	526	510	298	89	71	29	33
YML085C	0	0	0	0	1	0	0	0	0	0	0	0	0	0	0	0	0	0	0	0	0	0	1	0	0	0	0	0	0	1	0	5	2	2	2	0	0	0	0	0	0	0	0	0	0	0	0	0
YDL184C	18	11	13	28	10	17	27	13	23	34	16	31	44	24	27	45	44	37	111	56	76	180	107	87	543	140	177	1088	230	1280	1921	1436	2625	2187	2189	3183	2058	2705	2748	2141	2132	471	894	332	166	85	14	47
YLR175W	1	0	0	0	0	0	0	0	0	0	0	0	0	0	0	0	0	0	1	0	0	0	0	0	1	0	1	1	0	2	0	0	1	6	0	0	0	0	0	0	1	0	0	0	0	0	0	0
YOL120C	8	14	23	11	9	17	14	16	10	19	17	10	22	23	20	31	16	23	66	25	36	75	39	56	206	68	93	804	104	479	1024	649	1854	1275	1479	2320	1406	1850	1095	1239	1424	381	417	303	139	80	28	32
YOR133W	65	74	75	79	148	80	99	154	139	83	215	137	117	267	84	159	153	112	231	253	262	387	492	290	1398	643	589	3679	1158	4169	6865	7425	11046	10664	17178	16557	6668	23222	19360	5950	22708	4674	5053	4576	921	842	520	363
YGR279C	0	0	0	0	0	0	0	0	0	0	0	0	0	0	0	0	0	0	0	0	0	0	0	2	0	1	1	1	1	0	0	0	15	0	5	3	0	0	0	0	0	0	0	0	0	0	0	0
YMR143W	8	5	5	3	5	5	4	2	3	5	6	8	4	5	3	7	3	5	14	3	4	8	16	18	22	13	22	86	20	139	128	58	390	271	190	461	217	118	600	131	112	173	92	54	29	27	8	64
YML028W	0	0	1	0	0	0	0	0	0	0	0	0	0	0	0	0	0	0	0	0	0	0	0	0	0	0	0	0	0	0	0	0	0	0	0	0	0	0	0	0	0	0	0	0	0	0	0	0
YAL054C	0	0	0	0	0	0	0	0	0	0	0	0	0	0	0	0	0	0	0	0	0	0	0	1	0	0	0	0	0	0	0	0	0	0	0	0	0	0	0	0	0	0	0	0	0	0	0	0
YOR192C	0	0	0	0	0	0	0	0	0	0	0	0	0	0	0	0	0	0	0	0	0	0	0	0	0	0	1	0	0	0	0	0	2	0	0	0	0	1	0	0	5	1	0	0	0	0	1	0
YAL068W-A	0	0	0	0	0	0	0	0	0	0	0	0	0	0	0	0	0	0	0	0	0	0	0	0	0	0	0	0	0	0	0	0	0	0	0	0	0	0	0	1	0	0	0	0	0	0	0	0
YMR043W	0	0	0	0	0	0	0	0	0	0	0	0	0	0	0	0	0	0	0	0	0	0	0	0	0	0	0	0	0	2	0	0	1	0	0	0	0	0	1	0	0	0	0	0	0	0	0	1
YMR251W-A	1	0	0	0	0	0	0	0	0	0	0	0	0	0	0	0	0	0	0	0	0	0	0	0	0	0	0	0	0	0	0	0	0	0	0	0	0	0	0	0	0	0	0	0	0	0	0	0
YJL138C	16	33	30	32	47	30	35	54	68	35	90	64	45	80	32	76	59	43	88	122	81	157	177	131	588	247	294	1439	429	1600	2821	2432	4421	3949	5543	6875	2262	7878	6794	2168	7353	1715	1700	1340	315	230	132	129
YGR295C	0	1	0	1	1	1	0	1	0	0	1	1	0	1	0	2	0	3	0	4	2	2	0	1	5	4	5	9	3	20	30	31	34	34	50	74	25	61	69	25	54	26	24	11	10	3	0	5
YER103W	0	0	0	0	0	0	0	0	0	0	0	0	0	0	0	0	0	0	0	0	0	0	0	1	0	0	0	0	0	4	0	0	1	0	0	0	0	0	4	0	0	0	0	0	0	0	0	0
YFL060C	0	0	0	0	0	0	0	0	0	0	0	0	0	0	0	0	0	0	0	0	0	0	0	0	0	0	0	1	0	3	1	3	5	1	4	5	5	6	2	0	2	2	1	1	0	1	0	0
YGL122C	0	0	0	0	0	8	0	7	16	0	8	0	0	0	0	0	0	0	0	0	0	0	14	0	14	0	7	0	7	28	0	35	62	63	66	107	79	155	174	111	59	32	76	20	14	12	0	12
YHR141C	16	15	10	15	19	10	13	26	17	10	22	36	17	35	14	25	25	26	48	49	41	71	79	42	230	106	106	584	238	551	1185	1081	1590	1467	2333	2492	1140	3132	2413	981	2472	740	893	491	139	149	46	115
YEL073C	0	0	0	0	0	0	0	0	0	0	0	0	0	0	0	0	0	0	0	0	0	0	0	0	0	0	0	1	0	0	0	0	0	0	0	0	0	0	0	0	0	0	0	0	0	0	0	0
YKL006W	9	9	16	15	16	24	14	25	27	16	32	36	29	22	15	31	18	20	38	33	33	72	53	59	194	88	107	481	175	816	1052	1046	2003	1545	1860	3100	1194	2534	3079	1316	2189	703	1035	493	138	171	51	57
YGL147C	5	16	9	12	22	10	19	21	12	13	35	8	12	41	2	18	25	15	26	32	27	52	55	39	169	69	55	452	132	320	851	839	765	1308	1851	1367	558	2879	1313	458	2675	239	350	445	82	42	68	35
YLR153C	0	0	0	0	0	0	0	0	0	0	0	0	0	0	0	0	0	0	0	0	0	0	0	1	0	0	0	0	0	0	0	0	0	0	0	0	0	0	0	0	0	0	0	0	0	0	0	0
YMR305C	0	0	0	0	0	0	0	0	0	0	0	0	0	0	0	0	0	0	0	0	0	0	0	2	0	1	1	1	1	0	0	0	15	0	5	3	0	0	0	0	0	0	0	0	0	0	0	0
YCL028W	0	0	0	1	0	0	0	0	0	0	0	0	0	0	0	0	0	0	0	0	0	0	0	0	0	0	0	0	0	0	0	0	0	0	0	0	0	0	0	0	0	0	0	0	0	0	0	0
YBR150C	0	0	0	0	0	0	0	0	0	0	0	0	0	0	0	0	12	0	0	0	0	0	9	0	0	0	0	0	0	24	0	15	25	0	39	3	0	2	2	0	14	2	11	0	36	0	0	22
YDL136W	16	20	12	22	26	17	26	25	25	18	28	31	30	35	19	29	40	25	40	56	47	86	97	58	291	145	133	929	222	745	1464	1382	2020	2059	3288	2967	1537	4424	2669	1449	3289	680	1103	586	149	203	49	81
YBR191W	7	7	18	12	22	13	23	17	12	15	21	17	16	29	14	14	30	6	25	41	22	31	44	32	98	51	55	321	109	479	424	751	1086	925	1844	1236	666	1855	1511	439	1929	425	357	360	52	65	16	25
YDL173W	0	0	0	1	0	0	0	0	0	0	0	0	0	0	0	0	0	0	0	0	0	0	0	0	0	0	0	0	0	0	0	0	0	0	0	0	0	0	0	0	0	0	0	0	0	0	0	0
YJR047C	4	5	3	2	1	5	3	8	2	1	10	2	1	6	5	9	7	2	6	9	8	10	22	17	26	13	9	74	26	55	143	188	142	245	349	177	179	593	191	106	383	64	95	90	9	10	13	1
YMR006C	0	0	0	0	0	0	0	0	0	0	0	0	0	2	0	0	0	0	0	0	0	0	0	0	1	0	2	0	3	0	1	1	1	0	1	1	0	2	5	1	0	2	0	0	0	0	0	0
YHR112C	1	0	0	0	0	0	0	0	0	0	0	0	0	0	0	0	0	0	0	0	0	0	0	0	0	0	0	0	0	0	0	0	0	0	0	0	0	0	0	0	0	0	0	0	0	0	0	0
YKR105C	0	0	0	0	0	0	0	0	0	0	0	0	0	0	0	0	0	0	0	0	0	0	0	0	0	0	0	0	0	0	0	0	0	0	0	1	0	0	0	0	0	0	0	1	0	0	0	0
YGL053W	0	0	0	0	0	0	0	0	0	0	0	0	0	1	0	0	0	1	0	0	0	0	0	0	1	0	0	5	1	2	3	4	10	7	8	12	2	10	10	1	11	3	5	3	0	3	1	1
YFL050C	0	0	0	0	0	0	0	0	0	0	0	0	0	0	0	0	0	0	0	0	0	0	0	0	1	1	0	0	0	0	0	0	0	0	0	2	0	3	0	0	2	0	1	0	0	0	0	1
YLR029C	6	13	20	9	15	17	15	25	18	11	13	30	9	15	9	10	21	19	32	24	19	43	46	30	175	77	75	443	118	371	831	730	1205	1010	1698	1606	732	2329	1380	683	1473	340	421	369	56	48	36	38
YIL172C	0	0	0	0	0	0	0	0	0	0	0	0	0	0	0	0	0	0	0	0	0	0	0	0	0	2	0	1	1	1	1	2	4	8	7	5	1	8	5	0	10	3	1	1	0	2	0	0
YFL063W	0	0	0	0	0	0	0	0	0	0	0	0	0	0	0	0	0	0	0	0	0	0	0	0	0	0	0	0	0	0	0	0	0	0	0	0	0	0	0	1	0	0	0	0	0	0	0	0
YEL049W	0	0	0	0	1	0	0	0	0	0	0	0	1	0	0	0	0	0	0	0	0	0	0	0	0	0	0	1	0	0	1	0	0	0	0	0	0	1	1	1	1	0	0	0	0	0	0	0
YEL017C-A	0	0	2	1	2	3	3	5	0	3	2	1	0	0	3	1	4	0	1	3	0	2	4	4	8	10	4	61	5	5	36	31	74	31	79	48	47	36	27	11	34	16	4	11	0	2	0	0
YIL133C	1	0	5	2	1	2	5	0	1	2	0	2	1	2	0	1	2	4	1	0	0	3	3	2	1	1	0	14	0	1	0	0	2	0	0	7	1	1	2	0	0	3	0	0	1	0	0	0
YOR391C	0	0	0	0	0	0	0	0	0	0	0	0	0	0	0	0	0	0	0	0	0	0	0	0	0	0	0	0	0	0	0	0	0	0	0	0	2	1	0	0	0	0	0	0	0	0	0	0
YDL245C	0	0	0	0	0	0	0	0	0	0	0	0	0	0	0	0	0	0	0	0	0	0	0	0	0	0	0	0	0	1	0	0	0	0	0	0	0	0	0	0	0	0	0	0	0	0	0	0
YIL069C	14	13	12	18	41	12	21	30	19	11	27	28	13	45	7	29	20	12	40	33	42	61	76	70	243	111	108	598	175	747	959	1152	1900	1445	2436	2683	1021	2739	2936	840	2650	593	689	576	131	100	46	43
YBR054W	0	0	1	0	0	2	3	0	0	0	0	0	0	1	0	1	0	1	0	0	0	1	0	0	0	0	0	1	0	0	0	0	3	1	0	10	2	0	3	5	0	1	2	0	0	0	0	0
YIL052C	3	3	8	6	12	10	6	10	6	6	23	6	6	13	7	23	13	6	14	14	13	47	38	19	136	42	18	246	64	224	502	263	733	634	642	908	458	763	848	279	809	196	268	206	12	70	7	8
YEL007W	0	0	0	0	0	0	0	0	0	0	0	0	0	0	0	0	0	0	0	0	0	0	0	0	0	0	0	1	0	0	0	0	0	0	0	0	0	0	0	0	0	0	0	0	0	0	0	0
YNL067W	5	16	9	12	22	10	19	21	12	13	35	8	12	41	2	18	25	15	26	32	27	52	55	39	170	65	58	457	131	316	848	840	767	1307	1859	1360	560	2879	1311	459	2674	239	350	445	82	42	68	35
YKR057W	6	3	4	4	7	3	0	2	2	1	4	5	4	6	1	7	4	0	10	5	2	6	7	3	14	12	4	79	25	47	37	146	141	99	395	184	88	327	172	36	117	54	18	51	7	1	0	2
YLR061W	1	1	1	0	0	0	0	2	0	0	1	3	0	1	1	0	0	0	0	0	3	0	0	2	0	0	0	0	0	0	0	0	0	0	0	0	0	0	0	0	0	0	0	0	0	0	0	0
YLR237W	0	0	0	0	0	0	0	0	0	0	0	0	0	0	0	0	0	0	0	0	0	0	0	0	0	0	1	0	0	0	0	0	0	0	0	0	0	1	0	0	5	1	0	0	0	0	0	0
YHR214W-A	0	0	0	0	0	0	0	0	0	0	0	0	0	0	0	0	0	0	0	0	0	0	0	0	0	0	0	0	0	0	0	1	1	0	0	2	2	4	1	0	0	1	1	0	0	0	0	0
YMR074C	0	0	2	0	0	0	0	0	0	0	0	0	0	0	0	0	0	0	0	0	0	0	0	0	0	0	0	0	0	0	0	0	0	0	0	0	0	0	0	0	0	0	0	0	0	0	0	0
YNL069C	1	0	7	2	1	2	5	0	1	2	0	2	1	2	0	1	2	4	1	0	0	3	3	2	1	1	0	14	0	1	0	0	2	0	0	7	1	1	2	0	0	3	0	0	1	0	0	0
YBL108C-A	0	0	0	0	0	0	0	0	0	0	0	0	1	0	0	0	0	0	0	0	0	0	0	0	0	0	0	0	0	0	1	0	0	0	0	0	0	0	0	0	2	0	0	0	0	0	0	0
YNR052C	0	0	0	0	0	0	0	0	0	0	0	0	0	0	0	0	0	0	0	0	0	0	0	0	0	0	0	0	1	0	0	0	0	0	3	3	0	2	3	0	2	0	1	0	0	0	1	2
YDR312W	0	0	0	0	0	1	1	1	1	4	0	2	0	1	0	0	0	0	1	0	0	1	0	2	6	0	0	9	2	14	14	14	41	24	28	46	11	24	24	11	24	11	10	3	3	0	1	3
YOR274W	1	0	0	0	0	0	0	0	0	0	0	0	0	0	0	0	0	0	0	0	0	0	0	0	0	0	0	0	0	0	0	0	0	0	0	0	0	0	0	0	0	0	0	0	0	0	0	0
YPL184C	0	0	0	0	0	0	0	0	0	0	0	0	0	0	0	0	0	0	0	0	0	0	0	0	0	0	0	0	0	2	0	0	0	0	0	0	0	0	0	0	0	0	0	0	0	0	0	0
YJL168C	0	1	0	0	0	0	0	0	0	0	0	0	0	0	0	0	0	0	0	0	0	0	0	0	0	0	0	0	0	0	0	0	0	0	0	0	0	0	0	0	0	0	0	0	0	0	0	0
YDR145W	0	0	1	0	0	0	0	0	0	0	0	1	0	0	0	0	0	0	0	0	0	0	0	0	0	2	0	0	0	1	1	3	4	0	6	4	0	1	1	1	5	1	1	0	0	0	0	1
YFL009W	0	0	0	0	0	0	0	0	0	0	0	1	0	0	0	0	0	0	0	0	0	1	0	1	2	1	0	3	1	2	5	10	13	8	19	19	6	29	28	4	23	3	5	5	0	1	0	3
YNL208W	0	0	0	0	0	2	0	0	0	0	0	0	0	0	0	0	0	0	0	0	0	0	0	2	12	0	0	12	0	0	0	0	0	0	0	0	0	0	2	0	0	4	0	0	0	0	0	0
YCR097W-A	0	0	0	0	0	0	0	0	0	0	0	0	0	0	0	0	0	0	0	0	0	1	0	0	0	0	0	0	0	0	0	0	0	0	0	0	1	0	0	0	2	0	0	0	1	0	0	0
YHR203C	35	26	43	33	44	54	32	69	70	38	98	59	53	104	41	69	76	57	87	86	88	147	179	154	479	252	281	1423	493	1474	2338	2559	4515	3701	6302	6846	2904	7958	6983	2396	6940	2007	2058	1595	465	395	139	331
YHR214C-B	43	43	51	44	60	64	47	61	96	58	82	113	55	91	68	111	56	76	104	109	169	215	214	223	594	307	384	1639	626	2138	3209	3022	6175	4924	7148	10664	4592	10411	10337	4540	9076	2889	3445	2064	874	675	290	397
YEL039C	0	0	0	0	0	0	0	0	0	0	0	0	0	0	0	0	0	0	0	0	2	0	0	0	0	0	0	0	0	0	0	0	0	1	2	0	0	1	4	0	0	0	0	0	0	0	0	0
YPL060C-A	1	0	0	0	0	0	0	0	0	0	0	0	0	0	0	0	0	0	0	0	0	0	0	0	0	0	1	1	2	1	1	4	4	3	4	2	2	5	3	0	6	2	2	0	3	0	0	0
YGL062W	0	2	1	0	2	1	0	0	1	0	5	1	2	4	3	2	1	1	4	2	2	4	5	2	10	5	11	25	9	58	65	69	156	74	174	200	80	196	196	47	204	37	30	44	11	9	4	3
YLR461W	0	0	0	0	0	0	0	0	0	0	0	0	1	0	0	0	0	0	0	0	0	0	0	0	0	0	0	0	0	0	1	0	0	0	0	0	0	0	0	0	1	0	0	0	0	0	0	0
YIL082W	0	0	0	0	0	0	0	0	0	0	0	0	0	0	0	0	0	0	1	0	0	0	0	0	0	0	0	0	0	0	2	0	6	1	3	4	1	1	5	0	0	1	0	1	0	1	0	0
YGR010W	0	0	0	0	0	0	0	0	0	0	0	0	0	0	0	1	0	0	0	0	0	0	0	0	0	0	0	0	0	0	0	0	0	0	0	0	0	0	0	0	0	0	0	0	0	0	0	0
YNL186W	0	0	0	0	0	0	0	0	0	0	2	0	0	0	0	0	0	0	0	0	0	0	0	0	0	0	0	0	0	2	0	0	4	0	0	0	0	0	0	0	0	0	0	0	0	0	0	0
YAR031W	0	0	0	0	0	0	0	0	0	0	0	0	0	0	0	0	0	1	0	0	0	0	0	0	1	0	0	5	1	2	3	3	8	7	8	8	1	7	9	0	10	3	5	2	0	3	1	1
YDR077W	0	0	16	12	4	4	12	0	10	4	2	6	10	10	4	14	6	12	20	2	28	22	36	26	96	20	20	126	52	228	316	244	486	658	616	850	382	1038	720	346	936	160	318	164	62	50	8	14
YIL115C	0	0	0	0	0	0	0	0	0	0	0	0	0	0	0	2	0	0	0	0	0	2	0	0	2	0	0	0	0	0	0	2	8	6	4	14	2	12	10	4	10	6	6	0	0	0	0	0
YBR189W	8	8	10	1	9	11	6	13	11	4	16	12	8	17	3	11	15	15	14	18	13	27	27	26	78	48	43	170	71	250	341	408	771	512	829	942	303	808	925	235	744	183	207	95	33	14	4	11
YHR214C-C	33	34	45	34	49	54	42	46	79	46	66	97	45	74	47	94	46	64	82	94	144	188	174	194	492	245	318	1380	517	1734	2698	2505	5083	4032	5910	8970	3875	8900	8631	3847	7716	2441	2908	1793	764	612	254	352
YHL020C	0	0	1	0	0	0	0	0	0	0	0	0	0	0	0	0	0	0	0	0	0	0	0	0	0	0	0	0	0	0	0	2	0	0	0	0	0	0	0	0	0	0	0	0	0	0	0	0
YHR214C-E	0	0	0	0	0	0	0	0	0	0	0	0	0	0	0	0	0	0	0	0	0	0	0	0	0	0	0	0	0	0	0	0	0	0	0	0	1	0	0	1	0	0	0	0	0	0	0	0
YIL009W	0	0	0	0	0	0	0	0	0	0	0	0	0	0	0	0	0	0	0	0	0	0	0	0	1	0	1	0	1	0	2	0	1	2	1	2	0	3	3	0	3	4	0	1	0	0	0	0
YDR289C	0	0	0	0	0	0	0	0	0	0	0	0	0	0	0	0	1	0	0	0	0	0	2	0	0	0	0	0	0	2	0	4	3	0	3	3	0	1	1	0	2	0	0	0	0	0	0	0
YNL190W	0	0	0	3	3	2	0	0	0	0	9	2	0	2	0	0	7	4	5	0	2	2	8	2	24	17	0	62	12	34	121	71	89	175	245	161	68	410	189	53	420	44	57	100	12	8	12	2
YPL089C	0	0	0	0	0	0	0	0	0	0	0	0	0	0	2	0	0	0	0	0	0	0	0	0	0	0	0	0	0	0	0	0	0	0	0	0	0	0	0	0	0	0	0	0	0	0	0	0
YBR016W	0	0	0	0	0	0	0	0	0	0	0	0	0	0	0	0	0	0	0	0	0	0	0	0	0	0	0	0	0	0	0	0	0	0	0	0	0	0	2	0	0	0	0	0	0	0	0	0
YJR090C	0	0	0	0	0	0	0	0	0	0	0	0	0	0	0	0	0	0	0	0	0	0	0	0	0	0	0	0	0	0	0	0	0	0	2	0	0	0	0	0	0	0	0	0	0	0	0	0
YGR032W	0	0	0	0	1	0	1	0	0	0	0	0	0	0	0	0	0	0	0	0	0	0	0	0	0	0	0	0	0	0	0	1	2	1	1	1	0	0	2	0	2	0	0	0	0	0	0	0
YJR145C	35	26	43	33	44	54	32	69	70	38	98	59	53	104	41	69	76	57	87	86	88	147	179	154	479	252	281	1423	493	1474	2338	2559	4515	3701	6302	6846	2904	7958	6983	2396	6940	2007	2058	1595	465	395	139	331
YLR342W	0	0	0	0	1	0	1	0	0	0	0	0	0	0	0	0	0	0	0	0	0	0	0	0	0	0	0	0	0	0	0	1	2	1	1	1	0	0	2	0	2	0	0	0	0	0	0	0
YML026C	9	18	9	7	15	15	15	14	14	3	30	21	13	32	13	12	15	7	22	22	23	23	53	29	128	65	61	358	109	330	590	679	966	808	1155	1198	451	1255	1212	335	1198	346	186	159	65	30	12	30
YLR115W	0	0	0	0	0	0	0	0	0	0	0	0	0	0	0	0	0	2	0	0	0	0	0	0	0	0	0	0	0	0	0	0	0	0	0	0	0	0	0	0	0	0	0	0	0	0	0	0
YJR075W	0	0	1	0	0	0	0	0	0	0	0	0	0	0	0	0	0	0	0	0	0	0	0	0	0	0	0	0	0	0	0	0	0	0	0	0	0	0	0	0	0	0	0	0	0	0	0	0
YGR027C	6	5	1	8	2	4	2	3	0	1	5	1	5	4	2	0	2	0	1	3	2	7	5	1	10	7	0	25	5	9	11	17	31	39	49	56	73	33	74	1	50	26	0	8	0	0	0	0
YJR127C	0	0	0	0	0	0	0	0	0	0	0	1	0	0	0	0	0	0	0	0	0	0	0	0	0	0	0	0	0	0	0	0	2	0	0	0	0	0	0	0	0	0	0	0	0	0	0	0
YDR034C-A	0	0	0	0	0	0	0	0	0	0	0	0	0	0	0	0	0	0	0	0	0	0	0	0	0	0	0	0	0	0	0	0	0	3	1	0	0	0	2	0	0	2	0	0	0	0	0	0
YPL280W	0	0	0	0	0	0	0	0	0	0	0	0	0	0	0	0	0	0	0	0	0	0	0	0	0	0	0	0	0	0	0	0	0	0	0	0	2	1	0	0	0	0	0	0	0	0	0	0
YHR180W-A	0	0	7	0	0	0	1	0	4	0	1	2	0	3	0	1	1	0	0	0	1	1	4	0	0	16	1	0	164	6	0	437	0	10	29	0	0	1	0	0	1	0	0	0	0	0	0	0
YNR044W	0	0	0	0	0	0	0	0	0	0	0	0	0	0	0	0	0	0	0	0	0	0	0	0	0	0	0	4	0	0	4	0	0	0	0	6	4	0	10	2	0	0	8	0	0	0	0	0
YER177W	1	2	2	0	0	2	0	4	0	0	6	3	3	0	2	0	0	0	3	2	0	3	4	2	0	3	5	9	2	17	28	18	43	42	52	59	12	25	34	1	23	16	4	7	2	0	1	0
YBR244W	0	0	0	0	0	0	1	0	0	0	0	0	0	0	0	0	0	0	0	0	0	0	0	0	0	0	0	0	0	0	0	0	0	0	0	0	0	0	0	0	0	0	0	0	0	0	0	0
YDR500C	3	0	4	0	5	8	3	7	8	3	7	13	3	5	8	5	7	13	8	6	9	7	10	13	21	9	13	69	26	79	170	95	265	190	247	449	163	282	586	138	230	118	142	31	46	19	6	17
YMR246W	0	0	0	0	0	0	0	0	0	0	0	0	0	0	0	0	0	0	0	0	0	0	0	0	1	0	1	0	1	0	2	0	2	2	1	2	0	3	3	0	3	4	0	1	0	0	0	0
YGL081W	0	0	0	0	0	0	0	0	0	0	0	0	0	0	0	0	0	1	0	0	0	0	0	0	0	0	0	0	0	0	0	0	0	0	0	0	0	0	0	0	0	0	0	0	0	0	0	0
YBR031W	40	50	60	52	67	36	73	88	80	55	89	93	61	112	56	134	82	79	120	139	174	222	244	216	822	308	341	2109	678	2356	3961	3966	6626	6128	8928	10899	3992	12192	11295	3746	12010	2332	3650	2084	506	496	184	242
YLR448W	1	7	9	2	11	2	5	3	8	6	7	8	3	3	6	5	2	11	6	4	13	11	17	7	18	15	12	112	39	65	167	153	178	183	417	227	215	424	221	142	258	48	79	35	20	12	2	18
YGR103W	0	0	0	0	0	0	0	2	0	0	0	0	0	0	0	0	0	0	0	0	0	0	0	0	0	0	0	0	0	0	0	0	0	0	0	0	0	0	0	0	0	0	0	0	0	0	0	0
YLR037C	0	0	0	0	0	0	0	0	0	0	0	0	0	0	0	0	0	0	0	0	0	0	0	0	0	0	0	0	0	0	0	0	0	0	1	0	0	0	1	0	0	0	2	0	0	0	0	0
YIR033W	0	0	0	0	0	0	0	0	0	0	2	0	0	0	0	0	0	0	0	0	0	0	0	0	0	0	0	0	0	0	0	0	0	0	0	0	0	0	0	0	0	0	0	0	0	0	0	0
YLR157C	0	0	0	0	0	0	0	0	0	0	0	0	0	0	0	0	0	1	0	0	2	0	0	0	0	1	0	1	1	2	1	2	3	11	5	8	5	9	12	1	9	11	3	3	0	0	1	0
YBR009C	7	4	2	9	6	8	5	4	6	7	11	13	11	16	4	13	20	14	22	25	22	27	20	19	98	56	56	294	56	302	472	354	854	564	870	902	446	846	791	316	850	228	234	171	37	42	10	16
YLR167W	8	20	9	22	24	23	11	21	16	10	20	40	9	26	10	28	11	17	22	21	30	22	35	21	132	61	32	276	61	291	362	444	1028	777	733	1195	373	957	1374	312	1135	244	408	259	22	82	17	22
YLR293C	1	0	0	1	0	0	0	2	0	0	3	0	0	0	0	0	0	0	0	0	1	1	0	0	2	0	0	4	0	1	16	0	2	7	2	1	0	0	0	0	0	0	0	0	0	0	0	0
YMR318C	0	1	0	0	0	0	0	0	0	0	0	0	0	0	0	0	0	0	0	0	0	0	0	0	0	0	0	0	0	0	0	0	0	0	0	0	0	0	0	0	0	0	0	0	0	0	0	0
YOR372C	0	0	0	0	0	0	0	0	0	0	0	1	0	0	0	0	0	0	0	0	0	0	0	0	0	0	0	0	0	0	0	1	0	0	2	3	0	1	6	1	1	5	0	0	0	2	0	1
YDR432W	0	0	0	0	0	0	0	0	0	0	0	0	0	0	0	0	0	0	0	0	0	0	0	0	0	0	0	0	0	0	0	0	0	0	0	2	0	0	0	0	0	0	0	0	0	0	0	0
YPL229W	0	0	0	0	0	0	0	0	0	0	0	0	0	0	0	0	0	0	0	0	0	0	0	0	0	0	0	0	0	0	0	0	1	0	0	0	0	0	0	0	0	0	0	0	0	0	0	0
YIL082W-A	0	0	0	0	0	0	0	1	0	0	0	0	0	0	1	0	0	0	1	0	0	0	0	0	0	0	0	1	0	0	3	1	8	1	8	5	3	2	12	1	2	2	0	2	2	1	0	0
YJR159W	0	0	0	0	0	0	0	0	0	0	0	0	0	0	0	0	0	0	0	0	0	2	0	0	1	2	0	2	1	0	1	3	0	3	1	2	2	2	2	0	6	0	0	1	0	0	2	0
YLR388W	1	0	1	0	0	4	1	2	2	2	0	2	0	4	1	1	1	2	1	2	0	0	2	1	11	4	4	16	7	18	1	17	81	5	50	68	2	10	19	0	3	6	0	0	0	0	0	0
YHL015W	1	1	0	1	0	0	0	0	0	0	0	0	0	0	0	0	0	0	0	0	0	0	0	0	0	0	0	0	0	0	0	0	0	0	0	0	0	0	0	0	0	0	0	0	0	0	0	0
YKL182W	0	0	0	1	0	0	0	0	0	0	0	0	0	0	0	0	0	0	0	0	0	0	0	0	0	0	0	0	0	0	0	0	0	0	0	0	0	0	0	0	0	0	0	0	0	0	0	0
YDR445C	7	1	46	41	46	80	398	33	100	71	10	41	9	1	20	18	2	18	9	7	18	6	8	22	5	7	41	26	10	22	125	280	18	1718	232	20	944	60	62	181	38	63	48	65	228	6	190	39
YJL191W	2	14	5	9	18	4	7	3	9	8	15	10	15	11	3	19	5	12	18	16	14	33	31	19	87	31	30	264	85	214	368	423	503	471	960	794	340	1152	866	215	909	151	180	192	35	30	16	5
YLR055C	0	0	0	0	0	0	0	0	0	0	0	0	0	0	0	0	0	0	0	0	0	0	0	0	0	1	0	2	0	2	0	0	0	0	0	0	0	0	0	0	0	0	0	0	0	0	0	0
YFL020C	0	0	0	0	0	0	0	0	0	0	0	0	0	0	0	0	0	0	0	0	0	0	0	0	0	0	0	0	0	0	1	0	0	0	0	0	0	2	0	0	0	0	0	0	0	1	0	0
YDL037C	0	0	0	0	0	0	0	0	0	0	0	0	0	0	0	0	0	0	0	0	0	0	0	0	0	0	0	0	0	0	0	0	0	0	0	0	10	0	0	0	0	0	0	0	0	0	0	0
YNR076W	0	0	0	0	0	0	0	0	0	0	0	0	1	0	0	0	0	0	0	0	0	0	0	0	0	0	0	1	0	0	0	0	0	0	0	0	0	1	1	1	1	0	0	0	0	0	0	0
YFR016C	0	0	0	0	0	0	0	0	0	0	0	0	0	0	0	0	0	4	0	0	0	0	0	0	0	0	2	2	0	8	4	5	8	6	1	6	0	10	4	3	12	2	2	0	0	0	0	0
YKL164C	4	8	3	0	30	19	14	11	13	15	19	13	3	11	12	11	20	12	12	39	29	27	33	34	88	42	58	192	73	457	269	559	754	562	1041	1386	441	1337	1251	514	1326	291	350	228	88	57	35	49
YIR043C	0	0	0	0	0	0	0	1	0	0	0	0	0	0	0	2	0	0	0	0	0	1	0	0	2	3	1	1	1	6	2	2	12	6	26	28	4	35	18	13	14	1	4	8	1	0	0	0
YHL033C	9	18	17	15	17	16	22	25	25	17	25	19	27	38	5	25	22	8	37	55	23	60	64	24	153	78	63	435	112	347	787	804	1035	1248	1980	1650	917	2478	1654	812	2151	376	544	418	132	105	36	93
YDL081C	0	2	0	0	2	1	0	11	1	0	0	0	0	1	0	0	1	0	1	0	0	0	0	0	0	0	0	0	0	1	0	0	2	0	0	0	0	0	1	0	0	0	0	0	0	0	0	0
YFL002C	0	0	0	0	0	1	0	0	0	0	0	0	0	0	0	0	0	0	0	0	0	0	0	0	0	0	0	0	0	0	0	0	0	0	0	0	0	0	0	0	0	0	0	0	0	0	0	0
YDR155C	0	0	0	0	1	0	0	0	0	1	0	1	0	0	0	0	1	0	0	0	0	0	0	0	0	0	0	0	0	0	0	0	2	0	0	7	0	0	1	0	0	2	0	0	0	0	1	0
YNL268W	0	0	0	0	0	0	0	0	0	0	0	0	0	0	0	0	0	0	0	1	0	0	0	0	0	0	0	1	0	0	1	0	2	0	4	0	0	0	1	0	3	0	0	1	1	1	0	1
YGL181W	0	0	0	0	0	0	0	0	0	0	0	0	0	0	0	0	0	0	0	0	0	0	0	0	0	0	0	0	0	0	0	0	0	0	2	0	0	0	0	0	0	1	0	0	0	0	0	0
YKL032C	0	0	0	0	0	0	0	0	0	0	0	0	0	0	1	0	0	0	0	0	0	0	2	0	0	0	0	0	0	0	0	0	4	0	0	1	0	0	2	0	0	1	0	0	0	0	0	0
YGL013C	0	0	0	0	0	0	0	0	0	0	1	0	0	0	0	0	0	0	0	0	0	0	0	0	0	0	0	0	0	0	0	0	0	0	0	0	0	0	0	0	0	0	0	0	0	0	0	0
YJR162C	0	0	0	0	0	0	0	0	0	0	0	0	0	0	0	0	0	0	0	0	0	0	0	0	0	0	0	0	0	0	0	0	0	0	0	0	0	0	0	2	0	0	0	0	0	0	0	0
YGL066W	0	0	0	0	0	0	0	0	0	0	0	0	0	0	0	0	0	0	0	0	1	0	0	0	0	0	0	0	0	0	0	0	0	0	0	0	0	0	0	0	0	0	0	0	0	0	0	0
YPL009C	0	0	0	0	1	0	0	0	0	0	0	0	0	0	1	0	0	1	0	0	1	0	1	0	0	0	0	0	1	29	0	1	22	0	1	2	0	1	41	0	3	10	5	0	0	5	0	4
YOR118W	0	0	0	1	0	0	0	0	0	0	0	0	0	0	0	0	0	0	0	0	0	0	0	0	0	0	0	0	0	0	0	0	0	0	0	0	0	0	0	0	0	0	0	0	0	0	0	0
YBR301W	0	0	0	0	0	0	0	0	0	0	0	0	0	0	0	0	0	0	0	0	0	0	0	0	0	0	0	1	0	0	0	0	0	0	0	1	0	1	1	1	3	2	0	0	0	0	0	0
YBR084C-A	4	2	13	10	13	9	7	19	18	10	12	21	14	11	10	27	9	11	23	11	48	43	34	34	196	83	83	492	130	582	722	727	1460	834	1199	1745	657	1534	1782	446	899	337	353	223	79	31	6	21
YAR042W	0	0	0	0	0	0	0	0	0	0	0	0	0	0	0	0	0	0	0	0	0	0	0	0	0	0	0	0	0	0	0	0	0	0	0	1	0	0	0	0	0	0	0	0	0	0	0	0
YGL014W	0	0	0	0	0	0	0	0	0	0	0	0	0	0	0	0	0	0	0	0	0	0	0	0	0	0	0	0	0	0	0	0	0	0	0	0	0	0	0	0	0	1	0	0	0	0	0	0
YJL221C	0	0	0	0	0	0	0	0	0	0	0	0	0	0	0	0	0	0	0	0	0	0	0	0	0	2	0	1	1	1	1	2	4	8	7	5	1	8	5	0	10	3	1	1	0	2	0	0
YFL059W	0	0	0	0	0	0	0	0	0	0	0	0	0	0	0	1	0	0	0	0	0	0	2	0	2	0	1	4	0	4	6	6	8	6	5	11	4	16	8	2	19	2	8	0	0	0	0	0
YNL335W	0	0	0	0	0	0	0	0	0	0	0	0	0	0	0	0	0	0	0	0	0	0	0	0	0	0	0	0	0	1	0	0	0	0	2	0	0	0	0	0	1	0	0	0	0	0	0	0
YOR096W	8	3	0	7	3	1	8	7	5	6	12	3	7	7	6	6	7	4	13	15	2	22	22	16	39	17	30	164	34	174	255	141	607	291	359	815	357	410	597	289	361	149	153	56	13	38	6	12
YNL294C	0	0	1	0	0	0	0	0	0	0	0	0	0	0	0	0	0	0	0	0	0	0	0	0	0	0	0	0	0	0	0	0	0	0	0	0	0	0	0	0	0	0	0	0	0	0	0	0
YDR343C	3	0	0	0	0	3	0	5	1	0	1	5	3	1	0	2	1	2	1	1	2	4	5	2	12	4	4	30	5	19	53	26	112	65	107	163	78	153	88	47	115	25	22	29	11	5	4	1
YIL105C	0	0	0	0	0	0	0	0	0	0	0	1	0	0	0	0	0	0	0	0	0	0	0	0	0	1	0	0	0	0	0	5	5	0	3	1	0	0	1	1	5	1	1	0	0	0	0	1
YKL162C-A	0	0	0	0	0	0	0	0	2	0	0	0	0	0	0	0	0	0	0	0	0	0	0	0	0	0	1	0	0	0	0	0	0	0	0	0	0	0	0	0	0	0	0	0	0	0	0	0
YOL105C	0	0	0	0	0	0	0	0	0	0	0	0	0	0	0	0	0	0	0	0	0	0	0	0	0	0	0	0	0	2	0	0	0	0	0	0	0	0	0	0	0	0	0	0	0	0	0	0
YMR142C	6	10	6	2	14	15	18	14	19	9	11	14	8	19	11	15	7	20	23	16	22	18	42	27	90	46	39	280	49	324	266	314	760	638	826	783	312	974	982	250	993	204	254	180	37	35	12	13
YMR203W	0	0	0	0	0	0	1	0	0	0	0	0	0	0	0	0	0	0	0	0	0	0	0	0	0	0	0	0	0	0	0	0	0	0	0	0	0	0	0	0	0	0	0	0	0	0	0	0
YBR212W	0	0	0	0	0	0	0	0	0	0	0	0	0	0	0	0	0	0	0	0	0	0	0	0	0	0	0	0	0	0	0	0	1	0	0	2	0	0	1	0	0	0	0	0	0	0	0	0
YBR112C	0	0	0	0	0	0	2	0	0	0	0	2	0	0	0	0	0	0	0	0	0	0	2	0	0	1	0	0	0	0	0	6	3	0	10	18	0	3	25	10	3	11	0	1	9	9	1	1
YDL182W	3	5	3	1	8	2	3	4	5	2	6	3	4	7	9	12	3	1	7	6	11	11	22	9	49	10	13	153	29	144	270	267	377	392	551	640	267	748	606	208	674	157	140	146	27	35	12	9
YGR085C	16	21	12	18	34	19	24	40	38	25	45	26	26	55	18	41	43	41	50	62	50	87	116	75	414	142	165	1102	268	840	1993	1654	2273	2223	3554	3578	1290	4924	3660	1061	3968	1019	785	910	174	148	75	52
YNL031C	5	0	9	6	3	4	3	3	5	3	10	3	7	13	5	11	9	8	14	11	6	18	34	16	56	47	29	183	67	120	385	309	422	460	965	707	343	1181	789	215	1320	251	176	164	26	28	27	25
YIL169C	0	0	0	0	0	1	0	0	0	0	0	0	0	0	0	0	0	0	0	0	7	1	1	2	1	3	0	9	0	1	4	10	7	12	24	14	1	18	21	5	21	4	8	6	1	2	0	0
YDR225W	7	3	3	0	2	2	3	1	6	2	5	4	8	2	2	5	3	9	3	2	5	11	10	10	46	16	14	73	13	143	126	96	214	189	179	339	107	217	464	99	272	105	97	61	16	13	11	4
YML034W	0	0	0	0	0	0	0	0	0	0	0	0	0	0	0	0	0	0	0	0	0	0	3	0	0	0	0	0	0	4	0	5	5	0	6	3	0	1	2	0	3	2	1	0	6	0	0	2
YCR093W	0	0	1	0	0	0	0	0	0	0	0	0	0	0	0	0	0	0	0	0	0	0	0	0	0	0	0	0	0	0	0	0	0	0	0	0	0	0	0	0	0	0	0	0	0	0	0	0
YIR039C	0	0	2	0	0	0	0	0	0	0	0	0	0	0	0	0	0	0	0	0	0	0	0	0	0	0	0	0	0	0	1	0	0	0	0	0	0	0	2	0	0	0	0	0	0	0	0	0
YDR172W	0	0	0	0	0	0	0	0	0	0	0	0	0	0	0	0	0	0	0	0	0	0	0	2	0	0	0	0	0	0	0	0	0	0	0	0	0	0	0	0	0	0	0	0	0	0	0	0
YGR014W	0	0	0	0	0	0	0	0	0	0	0	0	0	0	0	0	0	0	0	0	0	0	0	0	0	2	0	5	0	0	10	0	2	7	0	5	4	7	2	0	4	4	3	0	0	0	0	0
YMR273C	0	1	0	0	0	0	0	0	0	0	0	0	0	0	0	0	0	0	0	0	0	0	0	0	0	0	0	0	0	0	0	0	0	0	0	0	0	0	0	0	0	0	0	0	0	0	0	0
YGL135W	17	29	23	22	41	42	43	69	59	34	106	66	62	119	35	84	70	67	117	118	104	152	292	136	448	252	219	1224	529	1350	2433	3206	3701	3667	7715	6678	2259	11225	6256	1949	10988	1480	1801	1840	341	310	167	147
YPR120C	0	0	3	0	0	0	0	1	0	0	0	0	0	0	0	0	0	0	0	0	0	0	0	0	0	0	0	0	0	0	0	0	0	0	0	0	0	0	0	0	0	0	0	0	0	0	0	0
YOL130W	0	0	0	0	0	0	0	0	0	0	0	0	0	0	0	0	0	0	0	0	0	0	0	0	1	1	0	0	0	0	0	0	0	0	0	2	0	3	0	0	2	0	1	0	0	0	0	1
YOL155C	0	0	0	0	0	1	0	0	0	0	0	0	0	0	0	0	0	0	0	0	1	1	4	1	1	1	0	8	0	1	4	11	18	19	23	19	14	32	18	7	36	9	10	14	3	0	0	1
YDL191W	16	20	12	22	26	17	26	25	25	18	28	31	30	35	19	29	40	25	40	56	47	86	97	58	291	145	133	929	222	745	1464	1382	2020	2059	3288	2967	1537	4424	2669	1449	3289	680	1103	586	149	203	49	81
YJL123C	0	0	1	0	0	0	0	0	0	0	0	0	0	0	0	0	0	0	0	0	0	0	0	0	0	0	0	0	1	0	0	0	1	0	0	1	0	2	0	0	0	0	0	0	0	0	0	0
YOL138C	0	0	0	0	0	0	0	0	0	0	0	0	0	0	0	0	2	0	0	0	0	0	0	0	0	0	0	0	0	3	0	5	2	0	3	2	0	0	1	0	5	0	0	0	0	0	0	0
YHR066W	0	0	0	0	0	1	1	1	1	4	0	2	0	1	0	0	0	0	1	0	0	1	0	2	6	0	0	9	2	14	14	14	41	24	28	46	11	24	24	11	24	11	10	3	3	0	1	3
YER060W	0	0	0	0	0	0	0	0	0	0	0	0	0	0	0	0	0	0	0	0	0	0	0	0	0	0	0	0	0	0	2	0	1	0	0	0	0	0	0	0	0	0	0	0	0	0	0	0
YAL065C	0	0	0	0	0	0	0	0	0	0	0	0	0	0	0	0	0	0	0	0	0	0	0	0	0	0	0	0	0	0	0	0	0	0	0	1	0	0	0	0	2	1	1	0	0	0	0	0
YOR010C	0	1	0	0	0	0	0	0	0	0	0	0	0	0	0	0	0	0	0	0	0	0	0	0	0	0	0	1	0	3	5	4	6	12	11	10	4	5	10	0	20	3	0	2	0	0	0	0
YLR287C-A	5	2	1	7	13	6	8	3	4	12	9	8	9	9	5	11	6	4	13	13	10	25	14	11	65	26	20	230	28	152	465	196	437	477	567	712	277	853	449	357	469	160	202	78	26	21	6	7
YMR164C	0	0	4	0	0	0	0	0	0	0	0	0	0	2	1	0	0	0	0	0	0	0	0	1	0	1	0	0	2	3	1	9	9	4	13	15	1	8	18	1	20	3	1	10	7	0	4	3
YOR388C	0	0	0	0	0	0	0	0	0	0	0	0	0	0	0	0	0	0	0	0	0	0	0	0	0	0	0	0	0	0	0	1	0	1	0	1	0	1	1	0	1	0	0	0	0	0	0	0
YDR385W	65	74	75	79	148	80	99	154	139	83	215	137	117	267	84	159	153	112	231	253	262	387	492	290	1398	643	589	3679	1158	4169	6865	7425	11046	10664	17178	16557	6668	23222	19360	5950	22708	4674	5053	4576	921	842	520	363
YMR322C	0	0	0	0	0	0	0	0	0	0	0	0	0	0	0	0	0	0	0	0	0	0	0	0	0	0	0	0	0	0	0	0	0	0	0	0	2	1	0	0	0	0	0	0	0	0	0	0
YDR040C	0	0	2	0	1	2	0	0	0	0	1	2	0	0	0	0	2	0	0	0	2	3	3	2	7	2	1	20	6	18	30	22	45	31	67	65	30	98	70	40	87	15	13	14	5	5	0	5
YPL048W	0	2	1	0	1	0	1	1	0	2	0	1	1	1	0	3	0	0	1	3	0	0	1	3	3	1	1	3	3	3	4	9	16	9	43	4	29	7	35	12	14	0	18	1	0	2	0	0
YLL064C	0	0	0	0	0	0	0	0	0	0	0	0	1	0	0	0	0	0	0	0	0	0	0	0	0	0	0	1	0	0	0	0	0	0	0	0	0	1	1	1	1	0	0	0	0	0	0	0
YPR035W	1	0	0	0	0	0	0	0	0	0	2	0	0	0	0	0	0	0	0	0	0	0	0	0	0	0	0	0	0	0	0	0	0	0	0	0	0	0	0	0	0	0	0	0	0	0	0	0
YNL104C	0	0	1	0	1	1	0	0	2	1	0	0	0	2	0	0	0	0	0	0	0	0	0	0	2	1	1	2	0	6	3	9	12	1	8	18	5	10	8	3	10	8	2	2	2	0	0	0
YLR180W	0	0	1	1	1	0	0	3	2	4	1	2	1	1	0	3	0	2	0	1	0	2	3	1	8	5	5	44	5	30	47	56	119	85	98	119	58	131	175	26	155	29	21	22	8	7	0	3
YPL190C	0	0	2	0	0	0	0	0	0	0	0	1	0	0	1	0	0	0	0	0	1	0	1	1	0	0	1	0	2	18	0	8	20	3	13	24	2	9	28	3	19	5	1	10	7	0	4	1
YMR242C	11	7	13	14	17	5	19	12	16	9	11	13	10	35	8	19	17	9	26	12	37	44	45	27	121	59	47	313	87	318	492	601	844	892	1035	1179	705	1435	1542	642	1660	368	570	223	109	94	30	19
YNL112W	0	1	0	0	0	0	0	0	0	0	0	0	0	0	0	0	0	0	0	0	0	0	0	0	0	0	0	0	0	0	0	0	0	0	0	1	0	0	0	0	0	0	0	0	0	0	0	0
YLR072W	0	0	1	0	0	0	0	0	0	0	0	0	0	0	0	0	0	0	0	0	0	0	0	0	0	0	0	0	0	0	0	0	0	0	0	0	0	0	0	0	0	0	0	0	0	0	0	0
YEL043W	1	0	0	0	0	0	0	0	0	0	0	0	0	0	0	0	0	0	0	0	0	0	0	0	0	0	0	0	0	0	0	0	0	0	0	0	0	0	0	0	0	0	0	0	0	0	0	0
YAR050W	0	0	0	0	0	0	0	0	0	0	0	0	0	0	0	0	0	0	0	0	0	0	0	0	0	0	0	0	0	0	1	2	0	1	1	1	0	1	0	1	5	2	0	2	0	0	0	0
YOR267C	0	0	0	0	0	0	0	0	0	0	0	0	0	0	0	0	0	0	0	0	0	0	0	0	0	0	0	0	0	0	0	0	0	0	8	13	0	0	20	9	0	0	0	0	10	9	0	0
YLR095C	0	0	2	0	0	0	0	0	0	0	0	0	0	0	0	0	0	0	0	0	0	0	0	0	0	0	0	0	0	1	0	0	0	0	1	3	0	0	1	0	0	0	0	0	0	0	0	0
YHR044C	0	0	0	0	0	0	0	1	0	0	0	0	0	0	0	0	0	0	1	0	0	0	1	0	1	3	0	7	0	9	6	10	15	19	27	22	14	16	21	9	24	11	6	1	0	0	0	2
YHR056C	0	0	0	0	1	0	2	1	1	0	0	1	0	1	0	0	1	1	0	0	2	1	6	2	3	1	3	7	2	13	14	18	28	20	48	45	19	60	45	13	52	12	14	21	5	1	3	2
YER111C	0	0	2	0	0	0	0	0	0	0	0	0	0	0	2	0	0	0	0	0	0	0	0	0	0	0	0	0	0	0	0	0	0	0	0	0	0	0	0	0	0	0	0	0	0	0	0	0
YPL158C	0	0	0	0	0	0	0	0	0	0	0	0	0	0	0	0	0	0	0	0	0	0	0	0	0	0	0	1	0	3	0	0	3	0	0	1	0	1	2	0	0	0	0	0	0	0	0	0
YKR094C	12	15	12	31	28	24	19	39	42	19	34	45	18	37	10	29	19	24	43	27	36	39	82	37	208	96	104	611	153	488	997	903	1737	1675	2033	3431	1227	2823	2697	941	2201	596	877	500	93	133	51	60
YBL081W	0	0	0	0	0	0	0	0	0	0	1	0	0	0	0	0	0	0	0	0	0	2	0	0	0	0	0	0	0	0	3	4	0	0	0	1	3	6	1	2	14	0	1	0	0	0	0	0
YJR016C	0	0	3	0	0	0	0	0	0	0	0	0	0	0	0	0	0	0	0	0	0	0	0	0	0	0	0	0	0	0	0	0	0	0	0	0	0	0	0	0	0	0	0	0	0	0	0	0
YOL039W	2	1	5	3	11	4	5	22	2	4	6	4	0	20	3	2	17	5	12	6	15	10	11	12	17	26	15	117	28	128	121	229	518	161	520	411	72	405	436	22	381	174	22	67	12	4	0	0
YHR214W	0	0	0	0	0	0	1	0	0	0	0	0	0	0	2	1	0	0	0	0	0	0	0	1	1	2	1	5	4	6	7	12	15	16	21	26	16	29	25	13	43	1	10	7	1	2	0	0
YLR264W	1	0	1	0	2	2	2	2	3	0	1	3	1	0	1	2	0	1	1	0	1	5	7	5	13	0	4	29	3	84	84	4	82	60	25	14	58	18	31	22	32	7	50	0	1	3	0	2
YLR460C	0	0	0	0	0	0	0	0	0	0	0	0	0	0	0	0	0	0	0	0	0	0	0	0	0	0	0	0	0	0	0	1	1	2	1	0	1	0	1	1	2	0	0	0	0	0	0	0
YLR216C	0	0	0	0	0	0	0	0	0	1	0	0	0	0	0	0	0	0	0	0	0	0	0	0	0	0	0	0	0	0	0	0	0	0	0	0	0	0	0	0	0	0	0	0	0	0	0	0
YNL298W	0	1	0	0	0	0	0	0	0	0	0	0	0	0	0	0	0	0	0	0	0	0	0	0	0	0	0	0	0	0	0	0	0	0	0	0	0	0	0	0	0	0	0	0	0	0	0	0
YDR420W	0	0	0	0	0	0	0	0	0	0	0	0	0	0	0	0	0	0	0	0	0	0	0	0	0	0	0	0	0	0	0	11	35	0	0	29	8	8	17	0	0	0	0	0	0	0	0	0
YLR286C	0	0	0	0	0	0	0	0	0	0	0	2	0	0	0	0	0	0	0	0	0	0	0	0	2	0	0	0	0	0	0	4	0	0	0	0	0	0	0	0	0	0	0	0	0	0	0	0
YNL016W	0	0	0	0	0	0	0	0	0	0	0	0	0	0	0	0	0	0	0	1	1	0	1	0	0	0	1	0	0	2	0	0	11	2	5	9	0	1	2	2	1	0	0	0	0	0	0	1
YML113W	0	0	0	0	0	0	0	0	0	0	0	0	0	0	0	0	0	0	0	0	0	0	0	0	0	0	0	0	0	0	0	0	2	0	2	0	0	0	2	0	0	2	0	0	0	0	0	0
YDR436W	0	0	1	0	0	0	0	0	0	0	0	0	0	0	0	0	0	0	0	0	0	0	0	0	0	0	0	0	0	0	0	0	0	0	0	0	0	0	0	0	0	0	0	0	0	0	0	0
YOL052C-A	1	0	0	0	0	0	0	0	0	0	0	0	0	0	0	0	0	0	0	0	0	0	0	0	0	0	0	0	0	0	0	0	0	0	0	0	0	0	0	0	0	0	0	0	0	0	0	0
YKL117W	0	0	0	0	0	0	3	0	0	0	2	0	0	0	0	0	0	0	0	0	0	0	0	0	0	0	0	0	0	0	0	0	2	0	0	0	0	0	2	0	0	0	0	0	0	0	0	0
YLR330W	0	0	0	0	0	0	0	0	0	0	0	0	0	0	0	0	0	0	0	0	0	0	0	0	0	3	0	0	0	15	3	14	3	2	3	6	0	21	6	0	9	0	11	0	9	0	3	0
YOL157C	0	0	0	0	0	0	0	0	0	1	0	0	0	0	0	0	0	0	0	0	0	0	0	0	0	2	0	1	4	1	1	2	4	9	7	4	1	5	5	0	10	2	1	1	0	2	0	0
YOR310C	2	0	0	0	0	0	0	0	0	0	0	0	0	0	0	0	0	0	3	0	0	0	0	0	1	0	1	1	0	2	0	0	1	6	0	0	0	0	0	0	1	0	0	0	0	0	0	0
YHL009W-B	1	0	0	0	0	0	0	0	0	0	0	0	0	0	0	0	0	0	0	0	0	0	0	0	0	0	1	1	2	1	1	4	4	3	4	2	2	5	3	0	6	2	2	0	3	0	0	0
YHL009W-A	0	0	0	0	0	0	0	0	0	0	0	0	0	0	0	0	0	0	0	0	0	0	0	0	0	0	1	1	0	1	1	3	3	1	2	1	1	2	3	0	3	0	1	0	1	0	0	0
YJR160C	0	0	0	0	0	0	0	0	0	0	0	0	1	0	0	0	0	0	0	0	0	0	0	0	0	0	0	0	0	0	0	0	0	0	0	0	0	1	0	0	0	0	0	1	0	0	0	0
YPR148C	0	0	0	0	0	0	0	0	0	0	0	0	0	0	0	0	0	0	0	0	0	0	0	0	0	0	0	1	0	3	0	0	1	0	0	1	0	1	2	0	0	0	0	0	0	0	0	0
YMR303C	25	36	42	24	65	47	33	90	43	40	126	83	31	132	45	91	131	47	105	117	118	148	266	159	649	289	229	1528	507	1736	2738	2972	5064	3397	7459	6971	2144	9296	7912	1653	8116	1928	1454	1956	321	231	257	190
YIL123W	0	0	0	0	1	0	1	0	0	0	0	0	0	0	0	0	0	0	0	0	0	0	0	0	0	0	0	0	0	0	0	0	1	0	0	0	0	0	0	0	0	0	0	0	0	0	0	0
YLR435W	0	0	0	0	0	0	0	1	0	0	0	0	0	0	0	0	0	0	0	0	0	0	0	0	0	0	0	0	0	0	0	0	0	0	0	0	0	0	0	0	0	0	0	0	0	0	0	0
YBL017C	0	0	0	0	0	0	0	0	0	0	0	0	0	0	0	0	0	0	0	0	0	0	0	0	0	1	0	0	0	1	0	0	2	1	0	3	0	0	1	0	1	0	0	0	0	0	0	0
YBR145W	1	0	0	0	0	0	0	0	0	0	0	0	0	0	0	0	0	0	0	0	1	0	0	0	0	0	0	0	0	0	0	0	1	0	0	0	0	0	0	0	0	0	0	0	0	0	0	0
YAR066W	0	0	0	0	0	0	1	0	0	0	0	0	0	0	2	1	0	0	0	0	0	0	0	1	1	2	1	5	4	6	7	12	15	16	21	26	16	29	25	13	43	1	10	7	1	2	0	0
YKL157W	0	0	0	0	0	2	0	0	1	0	0	0	0	0	0	0	0	0	0	0	0	0	0	1	0	0	0	0	0	0	0	0	0	0	0	0	0	0	0	0	0	0	0	0	0	0	0	0
YAL005C	89	75	86	80	160	125	133	180	143	100	257	202	122	233	99	228	192	154	247	300	284	433	569	334	1453	647	641	3915	1326	4328	7764	8182	11950	12349	18524	18545	7765	25330	20894	7091	24574	4502	6112	4753	749	993	434	310
YMR121C	6	13	20	9	15	17	15	25	18	11	13	30	9	15	9	10	21	19	32	24	19	43	46	30	175	77	75	443	118	371	831	730	1205	1010	1698	1606	732	2329	1380	683	1473	340	421	369	56	48	36	38
YMR186W	20	20	23	22	22	30	34	27	27	13	25	33	28	73	20	34	30	12	43	61	56	78	72	89	198	142	103	500	184	724	848	1049	1799	1394	2657	2253	1173	2876	2511	824	3123	738	821	756	93	173	67	36
YNL331C	0	0	0	0	0	0	0	0	0	0	0	0	0	0	0	0	0	0	0	0	0	0	0	0	0	0	0	0	0	0	0	0	0	2	0	0	0	1	1	0	0	0	0	0	0	0	0	0
YPL083C	0	0	0	0	1	0	0	2	0	0	0	0	0	0	0	0	0	0	0	0	1	0	0	0	0	0	1	0	0	0	0	0	0	0	0	0	0	0	0	0	0	0	0	0	0	0	0	0
YML132W	0	1	0	2	0	1	0	1	1	0	1	2	3	0	0	0	0	1	3	4	2	8	1	6	10	4	5	10	10	29	54	38	69	52	107	121	41	148	103	52	72	41	30	31	16	6	0	4
YDR304C	0	0	0	0	0	0	0	0	0	0	0	1	0	0	0	0	1	0	0	0	0	0	0	0	0	0	0	0	0	0	0	0	2	0	0	7	0	0	1	0	0	2	0	0	0	0	1	0
YHR186C	0	0	0	0	0	0	0	0	0	0	0	0	0	0	1	0	0	0	0	0	0	0	0	0	0	0	0	0	0	0	0	0	0	0	0	0	0	0	0	0	0	0	0	0	0	0	0	0
YJR156C	0	0	0	0	0	0	0	0	0	0	0	0	0	0	0	0	0	0	0	0	0	0	0	0	1	0	1	0	1	2	0	0	2	0	1	2	1	4	10	3	8	2	2	2	1	0	0	0
YBR247C	0	0	1	0	0	0	0	0	0	0	0	0	0	0	0	0	0	0	0	0	0	0	0	0	0	0	0	0	0	0	0	0	0	0	0	0	0	0	0	0	0	0	0	0	0	0	0	0
YLR185W	3	0	4	0	5	8	3	7	8	3	7	13	3	5	8	5	7	13	8	6	9	7	10	13	21	9	13	68	28	78	169	95	266	189	248	449	163	282	586	138	230	118	142	31	46	19	6	17
YCR107W	0	0	0	0	0	0	0	0	0	0	0	0	0	0	0	0	0	0	0	0	0	0	0	0	0	0	0	0	0	0	0	0	0	0	0	0	0	1	1	0	0	0	0	0	0	0	0	0
YKR072C	0	0	0	0	0	0	0	1	0	0	0	0	0	0	0	0	0	0	0	1	0	0	0	0	0	0	0	0	0	2	0	11	0	1	6	2	0	2	2	0	16	0	0	1	0	0	0	0
YDL014W	4	0	0	2	0	6	0	8	0	0	8	2	0	2	6	2	0	0	0	4	0	2	10	6	28	10	7	100	4	54	50	54	128	71	120	80	28	38	90	10	30	28	6	6	0	2	2	0
YHR069C	0	0	0	0	0	1	0	0	0	0	0	0	0	0	0	0	0	0	0	0	0	0	0	0	0	0	0	0	0	0	0	0	0	0	0	0	0	0	0	0	0	0	0	0	0	0	0	0
YJL020C	0	0	0	0	0	0	0	0	0	0	0	0	0	0	0	0	0	0	2	0	0	0	0	0	0	0	0	2	0	4	4	0	8	2	8	14	4	14	12	0	2	0	6	0	0	0	0	0
YIR006C	3	0	0	0	0	0	0	6	0	0	0	0	0	0	0	0	0	0	2	1	0	3	3	0	2	0	6	5	8	1	20	6	20	13	21	52	34	20	13	29	22	2	4	0	2	2	0	0
YHR054W-A	0	0	0	0	0	0	0	0	1	0	0	0	0	0	0	0	0	0	0	0	0	0	0	0	1	0	0	4	2	2	5	1	5	4	2	8	1	9	2	4	7	1	0	3	0	0	0	0
YCR024C-A	0	0	2	1	2	3	3	5	0	3	2	1	0	0	3	1	4	0	1	3	0	2	4	4	8	10	4	61	5	5	36	31	74	31	79	48	47	36	27	11	34	16	4	11	0	2	0	0
YNL042W-B	35	12	1886	22	13	9560	40	27	7520	182	17	738	141	10	488	24	18	185	46	16	50	39	10	28	49	27	52	94	20	501	38	45	1830	18	190	1343	34	137	372	52	111	561	151	237	87	328	40	59
YPL146C	0	0	0	1	0	0	0	0	0	0	0	0	0	0	0	0	0	0	0	0	0	0	0	0	0	0	0	0	0	0	0	0	0	0	0	0	0	0	0	0	0	0	0	0	0	0	0	0
YER075C	0	0	0	0	0	0	0	0	0	0	0	0	0	0	0	0	1	0	0	0	0	0	0	0	0	0	0	0	0	0	0	0	0	0	0	0	0	0	0	0	0	0	0	0	0	0	0	0
YHR094C	1	0	0	0	1	1	0	1	0	0	0	0	0	0	0	0	0	1	3	0	0	1	0	0	7	0	0	8	6	5	8	7	19	12	20	25	9	26	38	15	21	5	8	7	3	3	4	5
YML010W	0	0	0	0	0	0	0	0	0	0	0	0	1	0	0	0	0	0	0	0	0	0	0	0	0	1	0	2	0	3	0	0	1	0	0	0	0	0	1	0	0	0	0	0	0	0	0	0
YAL003W	1	0	1	0	0	0	0	0	0	0	0	0	0	0	0	0	0	0	0	0	0	0	0	0	0	0	0	0	0	0	0	0	0	0	0	0	0	0	0	0	0	0	0	0	0	0	0	0
YNR065C	2	0	0	0	0	0	0	0	0	0	0	0	0	0	0	0	0	1	0	0	0	0	0	0	0	1	0	1	0	1	1	2	5	1	2	8	0	3	9	1	3	0	0	1	0	0	0	0
YBR067C	2	0	0	0	0	0	0	0	0	0	0	0	0	0	0	0	0	0	0	0	0	0	0	0	0	0	0	0	0	0	0	0	0	6	0	0	2	0	0	2	0	0	0	0	0	0	0	0
YIL046W	0	1	0	0	0	0	0	0	0	0	0	0	0	0	0	0	0	0	0	0	0	0	0	0	0	0	0	0	0	0	0	0	0	0	0	0	0	0	0	0	0	0	0	0	0	0	0	0
YGR138C	0	0	0	0	0	0	0	0	0	0	0	0	0	0	0	0	0	0	0	0	1	0	0	0	0	2	1	1	3	6	9	9	22	8	18	29	4	25	24	6	35	5	6	3	0	4	0	1
YJR151C	0	0	0	0	0	0	0	0	0	0	0	0	0	0	0	0	0	0	0	0	0	0	0	0	0	0	0	0	0	0	5	0	0	0	0	0	0	0	0	0	0	0	0	0	0	0	0	0
YJR086W	0	0	1	0	0	0	0	0	0	0	0	0	0	0	0	0	0	0	0	0	0	0	0	0	0	0	0	0	0	0	0	0	0	0	0	0	0	0	0	0	0	0	0	0	0	0	0	0
YER074W	14	13	12	18	41	12	21	30	19	11	27	28	13	45	7	29	20	12	40	33	42	61	76	70	243	111	108	598	174	748	953	1157	1901	1442	2435	2687	1021	2739	2936	840	2651	592	689	576	131	100	46	43
YIL173W	2	0	0	0	0	0	0	0	0	0	0	0	0	0	0	0	0	1	0	1	0	3	0	0	4	0	2	4	0	3	6	10	17	14	23	30	14	17	35	6	18	3	6	7	2	0	1	0
YIL130W	0	0	0	0	0	0	0	0	0	0	0	0	0	0	0	0	0	0	0	0	0	0	0	0	0	0	0	1	0	1	0	0	0	0	0	0	0	0	0	0	0	0	0	0	0	0	0	0
YER056C-A	3	3	8	6	12	10	6	10	6	6	23	6	6	13	7	23	13	6	14	14	13	47	38	19	136	42	18	246	64	224	502	263	733	634	642	908	458	763	848	279	809	196	268	206	12	70	7	8
YGR192C	170	222	182	233	417	271	292	538	311	240	601	353	309	668	181	467	433	290	588	592	461	953	1092	676	3203	1407	1292	9200	2669	8198	16760	15523	25919	25069	37279	39525	14857	51241	39557	13436	51218	9371	10252	8961	1593	2036	1116	540
YJL158C	2	4	5	3	7	1	0	1	5	3	3	2	1	2	2	3	4	1	4	6	4	8	6	9	27	6	11	68	12	53	120	89	177	207	306	222	148	305	200	113	287	80	93	60	9	18	7	6
YNL037C	0	0	0	0	1	0	0	0	0	0	0	0	0	0	0	0	0	0	0	0	0	0	0	0	0	0	0	0	0	0	0	0	0	0	0	0	0	0	0	0	0	0	0	0	0	0	0	0
YCL073C	0	0	0	0	0	0	0	0	0	0	0	0	0	0	0	0	0	0	0	0	0	0	0	0	0	0	0	0	0	0	2	0	2	0	2	3	0	3	0	0	5	0	1	0	0	0	0	0
YAR071W	10	3	2	7	5	6	11	12	7	8	6	6	2	16	7	12	11	7	12	12	15	15	34	19	72	42	46	222	87	270	400	443	809	641	1100	1083	416	1461	1288	381	1351	285	355	320	59	52	40	28
YGL210W	0	0	0	0	0	0	0	0	0	0	0	0	0	0	0	0	0	0	0	0	0	0	0	0	0	0	0	0	0	0	0	0	0	0	1	0	0	0	0	0	0	0	0	0	0	0	0	0
YKL219W	0	0	0	0	0	0	0	0	0	0	0	0	0	0	0	0	0	0	0	0	0	0	0	0	0	0	0	0	0	1	3	1	3	1	2	2	0	2	3	1	2	1	1	0	0	0	0	0
YPR002C-A	0	0	0	0	0	0	0	0	0	0	0	0	0	0	0	0	0	1	0	0	0	0	0	0	1	0	1	0	0	0	3	3	4	4	3	5	0	5	2	4	10	2	0	2	2	1	1	1
YDL244W	0	0	0	0	0	0	0	0	0	0	0	0	0	0	0	0	0	0	0	0	0	0	0	0	1	0	1	0	1	2	0	0	1	0	1	1	1	3	7	3	5	2	2	1	1	0	0	0
YLL021W	0	0	0	0	0	0	0	0	0	0	0	0	0	0	0	0	0	2	0	0	0	0	0	0	0	0	0	0	0	0	0	0	0	0	0	0	0	0	0	0	0	0	0	0	0	0	0	0
YFL033C	0	0	0	0	0	0	0	0	0	0	0	0	0	0	0	0	0	0	0	0	0	0	0	0	0	0	0	1	0	0	0	0	0	0	0	0	0	0	0	0	0	0	0	0	0	0	0	0
YDL229W	62	53	75	61	119	96	112	121	96	67	155	127	125	185	69	176	116	107	189	207	215	295	431	247	1025	510	514	2771	889	3389	4831	5673	8716	7888	12977	12552	5248	17332	13547	4767	17759	2944	4049	2671	523	587	215	219
YJR136C	2	0	0	0	0	0	0	0	0	0	0	0	0	0	0	0	0	0	0	0	0	0	0	0	0	0	0	0	0	0	0	0	0	0	0	0	0	0	0	0	0	0	0	0	0	0	0	0
YER033C	0	0	0	0	0	0	0	0	1	0	0	0	0	0	0	0	0	0	0	0	0	0	0	0	0	0	0	0	0	0	0	0	0	0	0	0	0	0	0	0	0	0	0	0	0	0	0	0
YJL098W	0	0	0	0	0	0	0	0	0	0	0	0	0	0	0	0	0	0	0	2	0	0	0	0	0	0	0	0	0	0	0	0	0	0	0	0	0	0	0	0	0	0	0	0	0	0	0	0
YPR156C	0	0	0	0	0	0	0	0	0	0	0	0	0	0	0	0	0	0	0	0	1	0	0	0	0	2	1	1	3	6	9	9	22	8	18	29	4	25	24	6	35	5	6	3	0	4	0	1
YLR451W	0	0	0	0	1	0	0	0	0	0	0	0	0	0	0	0	0	0	0	0	0	0	0	0	0	0	0	0	0	0	0	0	0	0	0	0	0	0	0	0	0	0	0	0	0	0	0	0
YJL222W	2	0	0	0	0	0	0	0	0	0	0	0	0	0	0	0	0	1	0	1	0	3	0	0	4	0	2	4	0	3	6	10	17	14	23	30	14	17	35	6	18	3	6	7	2	0	1	0
YDR154C	0	0	0	0	0	0	0	0	0	0	1	1	0	0	0	1	0	0	0	0	0	0	0	0	0	0	0	0	0	0	0	2	0	0	7	0	0	1	0	0	2	0	0	0	0	1	0	0
YLR333C	6	5	1	8	2	4	2	3	0	1	5	1	5	4	2	0	2	0	1	3	2	7	5	1	10	7	0	25	5	9	11	17	31	39	49	56	73	33	74	1	50	26	0	8	0	0	0	0
YLR432W	4	1	2	7	7	2	2	5	3	3	6	0	4	7	5	14	2	1	10	16	9	6	13	8	32	18	8	102	27	122	183	172	359	256	396	559	172	525	697	149	495	147	162	91	25	27	11	23
YDR534C	0	0	0	0	0	0	0	0	0	0	0	0	0	0	0	0	2	0	0	0	0	0	0	0	3	6	0	0	0	4	6	2	3	3	2	5	0	13	2	5	2	0	6	2	0	0	0	0
YIL060W	0	0	0	0	3	1	0	0	0	0	0	0	0	0	0	0	0	0	0	1	0	0	0	0	0	0	0	0	0	1	0	1	1	3	4	1	2	1	6	1	5	0	0	1	0	0	0	0
YJL115W	0	0	1	0	0	0	0	0	0	0	0	0	0	0	0	0	0	0	0	0	0	0	0	0	0	0	0	0	0	0	0	0	0	0	0	0	0	0	0	0	0	0	0	0	0	0	0	0
YHR183W	0	0	0	0	0	1	0	0	0	0	0	0	0	0	1	0	0	0	0	0	0	0	0	0	0	0	1	0	0	0	0	0	6	0	0	10	0	0	8	0	0	0	0	0	0	0	0	0
YDR186C	0	0	0	0	0	0	0	1	0	0	0	0	0	0	0	0	0	0	0	0	0	0	0	0	0	0	0	0	0	0	0	0	0	0	0	0	0	0	0	0	0	0	0	0	0	0	0	0
YKR106W	0	0	0	0	0	0	0	0	0	0	0	0	0	0	0	0	0	0	0	0	0	0	0	0	0	0	0	0	0	0	2	0	2	0	2	3	0	3	0	0	5	0	1	0	0	0	0	0
YOR113W	0	0	0	0	0	0	0	0	0	0	1	0	0	0	0	0	0	0	0	0	0	0	0	0	0	0	0	0	0	0	0	0	0	0	0	0	0	0	0	0	0	0	0	0	0	0	0	0
YAR028W	0	0	0	0	0	0	0	0	0	0	0	0	0	0	0	0	0	0	0	0	0	0	0	0	0	0	0	1	0	1	0	0	0	0	0	4	1	7	1	0	1	0	0	0	0	0	0	0
YCR018C-A	0	0	0	0	0	0	0	0	0	0	0	0	0	0	0	0	0	0	0	0	0	0	0	0	2	0	2	0	0	0	3	4	5	6	6	3	5	13	6	1	7	8	2	4	1	1	0	1
YAR053W	0	0	0	0	0	0	0	0	0	0	0	0	0	0	0	0	0	0	0	0	0	0	0	0	0	0	0	2	0	0	1	0	0	0	0	0	0	0	0	0	0	0	0	0	0	0	0	0
YPR102C	16	21	12	18	34	19	24	40	38	25	45	26	26	55	18	41	43	41	50	62	50	87	116	75	414	142	165	1102	268	840	1993	1654	2273	2223	3554	3578	1290	4924	3660	1061	3968	1019	785	910	174	148	75	52
YNL334C	0	0	0	0	0	0	0	0	0	0	0	0	0	0	0	0	0	0	0	0	0	0	0	0	0	0	0	1	0	3	1	3	5	1	4	5	5	6	2	0	2	2	1	1	0	1	0	0
YBR010W	5	0	9	6	3	4	3	3	5	3	10	3	7	13	5	11	9	8	14	11	6	19	33	16	57	46	29	181	68	121	383	305	428	459	965	708	343	1182	788	215	1320	251	176	165	25	28	27	25
YPL090C	23	28	33	30	61	43	36	58	68	40	96	77	47	110	40	91	60	68	80	108	114	197	197	172	626	287	307	1723	508	2087	3336	2917	5555	4735	6877	8807	3209	9230	7642	3180	8200	1830	1961	1482	404	357	129	194
YBR302C	0	1	0	2	0	1	0	1	1	0	1	2	3	0	0	0	0	1	3	4	2	8	1	6	10	4	5	10	10	29	54	38	69	53	105	122	41	148	103	52	72	41	30	31	16	6	0	4
YFL061W	0	0	0	0	0	0	0	0	0	0	0	0	0	0	0	0	0	0	0	0	0	0	0	0	0	0	0	0	0	1	0	0	0	0	2	0	0	0	0	0	1	0	0	0	0	0	0	0
YGR214W	9	3	6	6	7	8	8	13	8	15	7	14	4	2	6	12	3	5	15	10	22	21	24	20	83	23	18	165	21	190	166	163	530	321	354	491	308	324	756	270	326	212	176	109	43	25	13	27
YFL062W	0	1	0	0	0	1	0	1	0	0	2	1	0	0	0	0	0	2	3	3	1	4	0	4	7	3	3	12	8	14	37	17	37	37	75	93	33	106	71	41	68	18	25	27	8	5	0	4
YDR025W	12	17	6	18	10	9	12	14	14	12	21	9	12	21	11	26	12	13	15	27	27	38	50	35	106	51	37	394	123	213	608	494	776	758	1267	1071	591	1823	1227	431	1772	341	309	346	70	59	40	44
YML065W	1	1	1	0	0	0	0	2	0	0	1	3	0	1	1	0	0	0	0	0	3	0	0	2	0	0	0	0	0	0	0	0	0	0	0	0	0	0	0	0	0	0	0	0	0	0	0	0
YLL013C	0	0	0	0	0	0	0	0	0	0	0	0	0	0	0	0	0	0	0	0	0	0	0	0	0	0	0	0	0	0	0	1	0	0	0	0	0	0	0	0	0	0	0	0	0	0	0	0
YDL126C	0	0	0	0	0	0	0	0	0	0	0	1	0	0	0	0	0	0	0	0	0	0	0	0	0	0	0	0	0	0	0	0	0	0	0	0	0	0	0	0	0	0	0	0	0	0	0	0
YDR228C	0	0	0	0	0	0	0	0	0	0	0	0	0	0	0	0	0	0	0	0	0	0	0	0	0	0	0	0	0	0	0	1	0	0	0	0	0	1	1	0	0	0	0	0	0	0	0	0
YLR114C	0	0	0	0	0	0	0	0	0	0	0	0	0	0	0	0	0	0	0	0	0	0	2	0	3	0	0	2	4	0	0	0	2	6	4	0	0	8	0	0	2	0	0	0	0	0	0	0
YGR124W	0	0	2	0	0	1	1	2	3	1	2	1	1	1	1	1	1	1	0	8	2	5	8	2	8	4	7	33	10	61	36	73	124	45	149	152	39	238	166	27	161	38	14	22	10	1	3	3
YBR017C	0	0	0	0	0	0	0	0	0	0	0	0	0	0	0	0	1	0	0	0	0	0	0	0	0	0	0	0	0	0	0	0	1	0	0	0	0	1	0	0	1	0	0	0	0	0	0	0
YJR158W	0	0	0	0	0	0	0	0	0	0	0	0	0	0	0	0	0	0	0	0	0	0	0	0	0	0	0	0	0	1	0	0	0	0	0	0	0	0	0	0	0	0	0	0	0	0	0	0
YNL332W	0	0	0	0	0	0	0	0	0	0	0	0	0	0	0	0	0	0	0	0	0	0	0	0	1	0	1	0	1	1	0	0	2	0	0	2	1	4	8	2	6	1	2	2	1	0	0	0
YMR317W	0	0	0	0	0	0	0	0	0	0	0	0	0	0	0	0	0	0	0	0	0	0	0	0	0	0	0	2	0	0	2	0	0	0	0	0	0	0	2	0	6	2	4	0	0	0	0	0
YER133W	0	0	1	0	0	0	0	0	0	0	0	0	0	0	0	0	0	0	0	0	0	0	0	0	0	0	0	0	0	0	0	0	0	0	0	0	0	0	0	0	0	0	0	0	0	0	0	0
YER158C	0	0	0	0	0	0	0	0	0	0	0	0	0	0	0	0	0	0	0	0	0	0	0	0	0	0	0	2	0	0	0	0	0	0	0	0	0	0	0	0	0	0	0	0	0	0	0	0
YGR292W	0	0	0	0	0	0	0	0	0	0	0	0	0	0	0	0	0	0	0	0	0	0	0	0	0	0	0	0	0	1	5	0	3	1	0	0	1	2	3	2	1	0	0	3	0	0	0	0
YJR048W	0	0	0	0	0	0	0	0	0	0	0	0	0	0	0	0	0	0	0	0	2	0	0	0	0	0	0	0	0	0	0	0	0	1	2	0	0	1	4	0	0	0	0	0	0	0	0	0
YBR092C	1	0	0	4	1	1	2	0	1	0	1	2	0	4	0	1	1	0	1	3	1	4	7	5	13	4	4	13	11	28	31	55	66	74	109	121	34	136	129	24	169	19	19	24	6	1	4	1
YMR325W	0	0	0	0	0	0	0	0	0	0	0	0	1	0	0	0	0	0	0	0	0	0	0	0	0	0	0	0	0	0	0	0	0	0	0	0	0	0	0	0	0	0	0	0	0	0	0	0
YMR173W	2	10	3	7	13	6	28	4	5	5	36	15	7	34	3	19	3	9	5	14	11	8	36	17	74	42	14	186	58	159	347	442	394	621	982	724	254	1258	986	251	1458	172	227	195	26	27	33	18
YOR393W	0	0	0	0	0	0	1	0	0	0	0	0	0	0	0	0	0	0	0	0	0	0	0	0	0	0	0	0	0	0	0	0	0	0	0	0	0	0	0	0	0	0	0	0	0	0	0	0
YNL161W	0	0	0	0	0	0	0	0	0	0	0	0	0	0	1	0	0	0	0	0	0	0	0	0	0	0	0	0	0	0	0	0	0	0	0	0	0	0	1	0	0	0	0	0	0	0	0	0
YOR204W	0	0	0	0	0	0	0	0	0	0	0	0	0	0	0	0	0	0	0	0	0	0	0	0	0	0	0	0	0	0	0	0	0	0	0	1	0	0	0	0	0	0	0	0	0	0	0	0
YPR043W	5	1	2	3	1	3	5	2	1	1	2	1	2	0	1	4	0	3	5	0	2	11	4	4	13	2	13	15	4	54	42	47	133	57	119	225	44	87	138	80	41	3	45	3	3	2	0	1
YPL198W	17	23	21	31	33	34	41	65	38	19	61	44	53	86	29	65	55	41	65	78	83	139	164	98	441	173	229	1226	382	1256	2433	2272	3920	3383	5259	6254	2470	7597	6082	2379	7344	1571	1737	1326	432	294	164	119
YDR382W	0	0	3	1	2	2	2	1	0	0	0	1	0	4	0	0	2	0	3	0	5	0	0	1	2	7	1	5	0	21	1	18	25	0	42	0	1	2	0	0	3	0	0	0	0	0	0	0
YGR294W	0	0	0	0	0	0	0	0	0	0	0	0	1	0	0	0	0	0	0	0	0	0	0	0	0	0	0	1	0	0	1	0	0	0	0	1	0	1	1	1	3	2	0	0	0	0	0	0
YOL161C	0	0	0	0	0	0	0	0	0	0	0	0	1	0	0	0	0	0	0	0	0	0	0	0	0	0	0	0	0	0	0	0	0	0	0	1	0	0	0	0	0	0	0	0	0	0	0	0
YGR254W	141	156	192	169	323	259	263	343	273	191	420	332	199	517	152	471	304	213	476	523	485	629	1024	529	2390	1150	933	7255	2003	6949	11281	13001	20920	19699	30889	31358	11946	37894	33319	9628	45105	7002	10041	8671	1087	1580	673	476
YDR366C	0	0	0	0	0	0	0	0	0	0	0	0	0	0	0	0	0	0	0	0	1	0	0	0	0	0	1	0	0	0	1	2	0	3	0	0	0	2	1	0	0	3	0	0	0	1	0	0
YCL067C	0	0	0	0	0	0	0	0	0	1	0	0	0	0	0	0	0	0	0	0	0	0	1	0	1	4	0	3	3	2	18	8	2	8	15	12	3	12	15	3	9	16	1	4	2	1	4	0
YER188C-A	0	0	0	0	0	0	0	0	0	0	0	0	0	0	0	0	0	0	0	0	0	0	0	0	0	0	0	0	0	0	0	0	0	0	0	0	0	0	0	0	0	1	0	0	0	0	0	0
YPL226W	0	0	0	0	1	1	0	1	1	0	0	0	0	0	0	0	5	0	0	0	0	0	0	0	0	0	0	0	0	0	0	0	0	0	0	0	1	0	0	0	0	0	0	0	0	0	0	0
YLR073C	0	0	1	0	0	0	0	0	0	0	0	0	0	0	0	0	0	0	0	0	0	0	0	0	0	0	0	0	0	0	0	0	0	0	0	0	0	0	0	0	0	0	0	0	0	0	0	0
YOR234C	1	2	3	2	2	5	1	5	1	1	2	2	2	6	3	3	2	0	2	0	3	7	0	6	18	3	4	39	1	39	64	29	157	89	82	29	64	15	42	4	18	13	3	8	0	0	0	0
YOL051W	0	0	0	0	0	0	1	0	0	0	0	0	2	0	0	0	0	0	0	0	0	0	0	0	0	1	0	0	3	0	0	2	2	0	11	8	0	4	10	0	6	0	2	2	0	0	0	4
YLR160C	0	0	0	0	0	0	0	0	0	0	0	0	0	0	0	0	0	1	0	0	2	0	0	0	0	1	0	1	1	2	1	2	3	11	5	8	5	9	12	1	9	11	3	3	0	0	1	0
YPR129W	0	0	0	1	0	0	0	0	0	0	0	0	0	0	0	0	0	0	0	0	0	0	0	0	0	0	0	0	0	0	0	0	0	0	0	0	0	0	0	0	0	0	0	0	0	0	0	0
YBR289W	0	0	0	0	0	0	0	0	0	0	0	0	0	0	1	0	0	0	0	0	0	0	2	0	0	1	0	0	0	0	0	1	3	2	5	1	0	0	2	0	2	0	0	0	1	0	0	0
YHR030C	0	0	1	0	0	0	0	0	0	0	0	0	0	0	0	0	0	0	0	0	0	0	0	0	0	0	0	0	0	0	0	2	1	0	1	0	0	0	0	0	0	0	0	0	0	0	0	0
YBL084C	0	0	0	0	0	0	0	0	0	0	0	0	0	0	0	0	0	0	0	0	0	0	0	0	0	0	0	1	0	0	0	0	0	0	0	0	0	0	0	0	0	0	0	0	0	0	0	9
YNL270C	0	0	0	0	0	0	0	0	0	0	0	0	0	0	0	0	0	0	0	1	0	0	0	0	0	0	0	1	0	0	1	0	2	0	4	0	0	0	1	0	3	0	0	1	1	1	0	1
YJL079C	0	0	0	0	0	0	0	0	0	0	0	0	0	0	0	0	0	0	0	0	0	0	0	0	0	0	0	0	0	0	0	0	1	0	0	2	0	0	0	0	0	0	0	0	0	0	0	0
YIL011W	0	0	0	0	0	0	0	0	0	0	0	0	0	0	0	0	0	0	0	0	0	0	0	0	0	0	0	0	0	0	0	0	2	2	0	0	0	2	0	0	0	0	0	0	0	0	0	0
YEL034W	4	6	3	2	1	5	3	8	2	1	10	2	1	6	5	9	7	2	6	9	8	10	22	17	26	12	10	74	26	55	142	188	143	245	349	177	179	593	191	106	383	64	95	90	9	10	13	1
YHL001W	9	9	16	15	16	24	14	25	27	16	32	36	29	22	15	31	18	20	38	33	33	72	53	59	194	88	107	481	175	816	1052	1046	2003	1545	1860	3100	1194	2534	3079	1316	2189	703	1035	493	138	171	51	57
YOR373W	0	0	0	0	0	0	0	0	0	0	0	0	0	0	0	0	0	0	0	0	0	0	0	0	0	0	0	1	0	0	0	0	0	0	0	0	0	0	0	0	0	0	0	0	0	0	0	0
YDR134C	1	3	4	0	1	0	0	0	0	0	0	0	0	1	0	0	0	0	0	0	0	0	0	0	0	0	0	0	0	0	1	5	3	0	14	10	0	33	4	0	42	3	0	8	1	0	1	1
YPL220W	17	29	23	22	41	42	43	69	59	34	106	66	62	119	35	84	70	67	117	118	104	152	292	136	448	252	219	1224	529	1350	2433	3206	3701	3667	7715	6678	2259	11225	6256	1949	10988	1480	1801	1840	341	310	167	147
YLR463C	0	0	0	0	0	0	0	0	0	0	0	0	0	0	0	0	0	0	0	0	0	0	0	0	0	0	0	1	0	0	0	0	0	0	0	0	0	0	0	0	0	0	0	0	0	0	0	0
YJL190C	1	1	1	0	3	3	3	3	3	7	5	1	0	4	0	5	3	0	6	1	3	14	2	7	12	9	7	38	14	27	44	39	66	36	58	73	15	100	42	22	44	12	6	8	1	0	3	0
YLL025W	0	0	0	0	1	0	0	0	0	0	0	0	0	0	0	0	0	0	0	0	0	0	0	0	0	0	0	0	0	0	0	0	0	0	1	1	1	2	1	0	1	0	2	0	0	0	0	0
YGR196C	2	0	0	0	0	0	0	0	0	0	0	0	0	0	0	0	0	0	0	0	0	0	0	0	0	0	0	0	0	0	0	0	0	0	0	0	0	0	0	0	0	0	0	0	0	0	0	0
YAR075W	2	0	1	0	1	0	0	1	1	0	2	0	0	2	0	1	0	1	1	1	0	1	4	1	5	1	0	14	5	8	28	22	39	40	60	73	25	56	84	25	72	23	35	10	0	7	0	0
YPL026C	0	0	0	0	0	0	0	0	0	0	0	0	0	0	0	0	0	0	0	0	0	0	0	0	0	0	0	0	0	0	0	1	1	0	0	0	0	1	0	0	0	0	0	0	0	0	0	0
YBR118W	307	338	334	403	597	356	554	638	599	418	841	643	582	1072	410	1042	749	550	1086	1233	1255	1876	2290	1400	7433	2678	2897	19044	5362	19029	36101	34624	51017	54504	77158	81711	31332	104163	85200	27614	101577	20017	25359	19275	4313	3514	2050	1917
YDR433W	0	0	0	0	0	0	0	0	0	0	0	0	0	0	0	0	0	0	0	0	0	0	0	0	0	0	0	0	0	0	0	0	0	0	2	0	0	0	0	0	0	0	0	0	0	0	0	0
YKL081W	0	2	1	0	1	0	1	1	0	2	0	1	1	1	0	3	0	0	1	3	0	0	1	3	3	1	1	3	3	3	4	9	16	9	43	4	29	7	35	12	14	0	18	1	0	2	0	0
YPR132W	13	7	19	14	13	21	18	21	24	25	29	22	12	29	7	21	21	29	53	36	51	47	55	41	199	63	70	583	115	412	1081	786	1082	1669	1656	1583	946	2245	2045	615	1928	526	510	298	89	71	29	33
YHR211W	0	0	0	0	0	0	0	0	0	0	0	0	0	0	0	0	0	0	0	0	0	0	0	0	0	0	0	0	0	0	0	1	0	1	1	1	0	1	1	2	5	2	1	2	0	0	0	0
YOL013W-A	36	13	1884	27	7	9561	43	25	7519	183	20	735	138	14	487	21	20	186	31	17	64	37	11	29	48	27	54	89	21	503	39	46	1828	14	216	1322	20	405	118	114	503	110	235	72	172	38	68	330
YNL301C	8	14	23	11	9	17	14	16	10	19	17	10	22	23	20	31	16	23	66	25	36	75	39	56	206	68	93	804	104	479	1024	649	1854	1275	1479	2320	1406	1850	1095	1239	1424	381	417	303	139	80	28	32
YAR027W	0	0	0	0	0	0	0	0	0	0	0	0	0	1	0	0	0	0	0	0	0	0	0	0	0	0	0	1	0	1	0	1	2	0	0	8	2	10	2	1	2	0	0	1	0	0	0	0
YCR014C	0	0	0	0	0	0	0	2	0	0	0	0	0	0	0	0	0	0	0	0	0	0	0	0	0	0	0	0	0	0	0	0	0	0	0	0	0	0	0	0	0	0	0	0	0	0	0	0
YHR021C	1	1	0	1	0	1	0	2	0	0	0	0	0	0	0	0	0	0	0	0	0	0	0	1	0	0	0	0	0	0	0	0	0	0	0	0	0	0	0	0	0	0	0	0	0	0	0	0
YLL010C	0	0	0	0	0	0	0	0	0	0	0	0	0	0	1	0	0	0	0	0	0	0	0	0	0	0	0	0	0	0	0	0	0	0	0	0	0	0	0	0	0	0	0	0	0	0	0	0
YJL034W	3	6	5	4	5	8	5	3	7	5	6	10	6	9	1	4	4	2	8	0	0	6	0	0	0	2	0	0	0	5	0	0	16	0	3	15	0	4	4	0	0	0	0	0	0	0	0	0
YCR088W	0	0	0	1	0	0	0	0	0	0	0	0	0	0	0	0	0	0	0	0	0	0	0	0	0	0	0	0	0	0	0	0	0	0	0	0	0	0	0	0	0	0	0	0	0	0	0	0
YNR073C	0	0	0	0	0	0	0	0	0	0	0	0	0	0	0	0	0	0	0	0	0	0	0	0	0	0	1	0	1	0	0	1	1	0	3	6	1	3	1	0	3	1	0	1	0	0	0	0
YLR158C	0	0	0	0	0	0	0	0	0	0	0	0	0	0	0	0	0	1	0	0	2	0	0	0	0	1	0	1	1	2	1	2	3	11	5	8	5	9	12	1	9	11	3	3	0	0	1	0
YHL034C	0	1	0	0	0	0	0	0	0	0	0	0	0	0	0	0	0	0	0	0	0	0	0	0	0	0	0	0	0	0	0	0	0	0	0	0	0	0	0	0	0	0	0	0	0	0	0	0
YML024W	2	8	8	10	11	13	13	15	17	7	21	10	10	25	5	15	14	12	22	23	18	48	38	36	93	45	52	380	79	278	474	470	777	877	1256	1239	640	1523	1160	526	1122	210	445	203	26	49	13	24
YGR034W	2	2	5	7	7	3	5	13	2	4	6	7	3	9	8	8	10	6	6	14	10	20	19	25	53	18	19	133	41	148	267	161	467	311	393	771	246	627	642	204	606	307	148	186	46	32	18	5
YML093W	0	0	1	0	0	0	0	0	0	0	0	0	0	0	0	0	0	0	0	0	0	0	0	0	0	0	0	0	0	0	0	0	0	0	0	0	0	0	0	0	0	0	0	0	0	0	0	0
YMR083W	1	0	1	0	0	0	0	0	0	0	0	1	0	0	0	0	0	0	0	0	0	0	0	0	0	0	0	0	0	0	0	0	3	0	0	1	0	0	0	0	0	0	0	0	0	0	0	0
YOR131C	1	0	0	0	0	0	0	0	0	0	0	0	0	0	0	0	0	0	0	0	0	0	0	0	0	0	0	0	0	0	0	0	0	0	0	0	0	0	0	0	0	0	0	0	0	0	0	0
YDR542W	0	0	0	0	0	0	0	0	0	0	0	0	1	0	0	0	0	0	0	0	0	0	0	0	0	0	0	1	0	0	1	0	0	0	0	0	0	1	1	1	3	0	0	0	0	0	0	0
YAL021C	0	0	1	0	0	0	0	0	0	0	1	0	0	0	0	0	1	0	0	0	0	0	0	0	0	0	0	0	0	0	0	0	0	0	1	0	2	1	0	0	2	0	0	0	0	0	1	1
YGL259W	0	0	2	0	0	0	0	0	0	0	0	0	0	0	0	0	0	0	0	0	0	0	0	0	0	0	0	0	0	0	1	0	0	0	0	0	0	0	2	0	0	0	0	0	0	0	0	0
YOR054C	0	0	0	0	2	0	0	2	0	0	0	0	1	0	0	0	0	0	0	1	0	0	1	0	0	0	0	0	0	2	0	13	0	1	8	2	0	2	8	0	16	0	0	1	0	0	0	0
YNL033W	0	0	0	0	0	0	0	0	0	0	0	0	0	0	0	0	0	0	0	0	0	0	0	0	0	0	0	1	0	3	1	0	2	0	3	3	1	3	0	0	1	0	0	0	0	0	0	0
YOR182C	5	2	1	7	13	6	8	3	4	12	9	8	9	9	5	11	6	4	13	13	10	25	14	11	65	26	20	230	28	152	465	196	437	477	567	712	277	853	449	357	469	160	202	78	26	21	6	7
YGR159C	2	0	0	0	0	0	0	0	0	0	0	0	0	0	0	0	0	1	0	0	0	0	0	0	0	0	0	0	0	0	0	0	0	1	0	0	0	0	0	0	0	0	0	0	0	0	0	0
YPL278C	0	0	0	0	0	0	0	0	0	0	0	1	0	0	0	0	0	0	0	0	0	0	0	0	0	0	0	0	0	0	0	2	0	0	0	0	1	1	0	0	1	0	0	1	0	0	0	0
YOR192C-B	1	1	8	3	4	2	2	11	15	7	6	14	9	13	4	6	4	5	13	15	13	14	24	28	47	26	40	126	52	171	230	246	527	339	551	809	367	772	905	281	662	267	244	141	79	57	27	31
YOR192C-A	1	1	6	2	3	3	1	5	5	5	4	10	2	6	2	2	3	3	0	12	3	9	8	12	25	10	17	55	27	81	103	117	254	163	247	404	195	380	436	145	340	137	131	72	48	38	17	17
YCL065W	0	0	0	0	0	0	0	0	0	0	0	0	0	0	0	0	0	0	0	0	0	1	0	0	0	0	0	0	0	0	0	0	0	0	0	0	1	0	0	0	2	0	0	0	1	0	0	0
YOR153W	0	0	0	0	0	0	0	0	0	0	0	0	0	0	0	0	0	0	0	0	2	0	0	0	0	0	0	0	0	1	0	0	0	0	0	0	0	0	0	0	0	0	0	0	0	0	0	0
YER011W	0	0	5	0	0	0	0	0	3	3	0	0	4	0	0	6	0	0	4	0	3	3	15	0	9	0	0	36	15	18	45	73	95	123	140	133	80	205	147	97	389	27	60	38	9	9	6	3
YCR037C	0	0	0	0	0	0	0	0	0	0	0	0	0	0	0	0	0	0	0	0	0	0	0	0	0	0	0	0	0	0	0	0	0	0	0	0	0	0	0	0	0	0	1	0	0	0	0	0
YOR009W	0	0	0	0	0	0	0	3	0	0	0	0	0	0	0	0	0	0	0	0	0	0	0	0	0	0	0	0	0	0	3	0	0	3	3	3	10	0	1	0	3	0	0	0	0	0	0	0
YOR312C	11	7	13	14	17	5	19	12	16	9	11	13	10	35	8	19	17	9	26	12	37	44	45	27	121	59	47	313	87	318	492	601	844	892	1035	1179	705	1435	1542	642	1660	368	570	223	109	94	30	19
YPR022C	0	0	2	0	0	0	0	0	0	0	0	0	0	1	0	0	0	0	0	0	0	0	0	0	0	0	0	0	0	0	0	1	1	0	0	3	0	0	4	0	0	0	0	0	0	0	0	0
YLR110C	1	6	4	0	3	0	0	1	0	0	0	0	0	3	0	0	1	0	0	0	0	0	0	0	0	0	0	0	0	0	1	5	3	0	14	10	0	33	4	0	42	3	0	8	1	0	1	1
YDL188C	0	0	1	1	2	0	0	3	0	0	4	3	0	0	0	0	1	0	2	2	1	5	0	0	6	2	0	6	5	33	19	28	62	49	67	81	30	71	90	25	89	23	21	13	2	1	2	2
YPL143W	1	2	3	2	2	5	1	5	1	1	2	2	2	6	3	3	2	0	2	0	3	7	0	6	18	3	4	39	1	39	64	29	157	89	82	29	64	15	42	4	18	13	3	8	0	0	0	0
YDL134C	0	0	1	1	2	0	0	3	0	0	4	3	0	0	0	0	1	0	2	2	1	5	0	0	6	2	0	6	5	33	19	28	62	49	67	81	30	71	90	25	89	23	21	13	2	1	2	2
YBR218C	0	2	1	0	2	1	0	0	1	0	5	1	2	4	3	2	1	1	4	2	2	4	5	2	9	8	9	24	10	58	65	69	156	72	175	201	80	196	196	47	204	37	30	44	11	9	4	3
YMR321C	0	2	2	0	0	0	1	0	1	0	0	2	0	2	0	0	0	0	5	4	1	1	2	0	8	2	1	33	7	25	33	26	49	59	81	70	33	109	75	19	92	11	20	11	2	1	0	6
YBL003C	7	3	3	0	2	2	3	1	6	2	5	4	8	2	2	5	3	9	3	2	5	11	10	10	46	16	14	73	13	143	127	96	213	190	179	338	108	217	463	99	272	105	97	61	16	13	11	4
YDR224C	1	0	1	1	3	2	4	1	1	0	2	1	1	0	1	0	0	0	1	2	0	0	3	5	5	1	0	15	2	2	14	9	10	9	58	0	11	67	4	4	30	1	1	15	0	0	0	0
YJR045C	1	6	3	1	6	1	1	2	2	1	3	0	4	1	0	0	2	6	3	3	1	5	2	3	0	2	5	10	8	4	7	0	2	0	0	0	0	1	4	0	0	0	0	0	0	0	0	0
YHR126C	1	0	0	0	0	0	0	0	0	2	0	0	0	0	0	0	0	0	0	0	0	0	0	0	0	0	0	0	0	0	0	0	0	0	0	0	0	0	0	0	0	0	0	0	0	0	0	0
YIL125W	0	0	0	0	0	0	0	0	0	2	0	0	0	0	0	0	0	0	0	0	0	0	0	0	0	0	0	0	0	0	0	0	0	0	0	0	0	0	0	0	0	0	0	0	0	0	0	0
YKL054C	0	0	2	0	0	0	0	0	0	0	0	0	0	5	3	0	1	0	0	0	0	0	0	0	0	0	3	7	6	9	0	19	55	10	57	98	42	69	75	48	42	22	36	6	14	6	2	3
YAL062W	0	0	0	0	0	0	0	0	0	0	0	0	0	1	1	0	0	0	0	0	0	0	0	0	1	0	0	5	0	2	0	10	3	8	14	4	2	1	6	0	10	0	0	1	0	0	0	0
YLR390W-A	0	0	0	0	0	0	0	0	0	0	0	0	0	0	0	0	0	2	0	0	0	2	0	0	10	2	0	22	2	6	52	10	8	42	32	10	50	66	6	20	52	0	28	4	0	6	0	0
YMR008C	0	0	0	0	0	0	0	0	0	0	0	0	0	2	0	0	0	0	0	0	0	0	0	0	1	0	2	0	3	0	1	1	1	0	1	1	0	2	5	1	0	2	0	0	0	0	0	0
YJL136C	6	3	4	4	7	3	0	2	2	1	4	5	4	6	1	7	4	0	10	5	2	6	7	3	15	12	3	80	25	46	37	146	141	100	395	183	88	328	171	36	117	54	18	51	7	1	0	2
YMR194W	3	4	2	5	6	2	9	6	1	6	15	3	3	9	0	10	8	3	14	13	3	17	15	10	91	22	19	294	53	70	879	319	168	837	875	264	601	1745	338	1001	1196	130	689	234	36	96	35	33
YKL148C	0	0	1	0	0	0	0	0	0	0	0	0	0	0	0	0	0	0	0	0	0	0	0	0	0	0	0	0	0	0	0	0	0	0	0	0	0	0	0	0	0	0	0	0	0	0	0	0
YDL133C-A	18	11	13	28	10	17	27	13	23	34	16	31	44	24	27	45	44	37	111	56	76	180	107	87	543	140	177	1088	230	1280	1921	1436	2625	2187	2189	3183	2058	2705	2748	2141	2132	471	894	332	166	85	14	47
YOL086C	25	37	43	24	65	47	33	90	43	40	126	84	31	132	45	91	131	47	105	117	119	148	266	159	649	289	229	1528	507	1736	2738	2972	5064	3397	7459	6971	2144	9296	7912	1653	8116	1928	1454	1956	321	231	257	190
YDR080W	0	0	0	0	0	0	0	0	0	0	0	0	0	0	0	0	0	0	0	0	0	0	0	0	0	0	0	0	0	0	0	0	1	0	0	0	0	0	1	0	0	0	0	0	1	0	0	1
YER117W	12	10	8	17	20	19	12	25	29	9	27	20	15	37	11	32	16	15	35	34	33	71	42	52	197	74	71	545	144	488	840	831	1568	1238	2134	1987	729	2246	1870	611	1642	345	371	270	54	50	23	22
YPL273W	0	2	2	0	0	0	1	0	1	0	0	2	0	2	0	0	0	0	5	4	1	1	2	0	8	2	1	33	7	25	33	26	49	59	81	70	33	109	75	19	92	11	20	11	2	1	0	6
YBR048W	12	17	6	18	10	9	12	14	14	12	21	9	12	21	11	26	12	13	15	27	27	38	50	35	106	51	37	394	123	213	608	494	776	758	1267	1071	591	1823	1227	431	1772	341	309	346	70	59	40	44
YKL028W	0	0	0	0	0	0	0	0	0	0	0	0	0	0	0	0	0	0	0	0	0	0	1	0	0	0	0	0	0	3	0	2	3	0	3	0	0	0	1	0	3	0	0	0	3	0	0	0
YNL162W	16	15	10	15	19	10	13	26	17	10	22	36	17	35	14	26	25	25	48	49	41	70	79	43	231	105	106	580	237	556	1179	1083	1594	1464	2333	2495	1138	3132	2415	981	2474	738	893	490	140	149	46	115
YLR406C	3	3	2	0	0	0	0	2	0	0	1	4	1	3	0	1	0	0	1	2	1	0	0	2	1	1	0	2	2	0	0	0	4	0	0	4	1	1	10	0	0	2	1	0	0	0	0	0
YCL068C	0	0	0	0	0	1	0	0	0	0	0	0	0	0	1	0	0	0	0	0	0	0	0	0	0	0	2	1	0	2	4	3	4	2	6	8	0	5	2	2	1	1	1	2	0	0	0	0
YGL051W	0	0	0	0	0	2	0	0	0	0	0	0	0	0	0	0	0	0	0	0	0	0	0	0	1	0	1	0	0	2	2	1	3	5	15	7	2	14	8	6	8	5	4	3	0	0	2	0
YDL247W	0	0	0	0	0	0	0	0	0	0	0	0	1	0	0	0	0	0	0	0	0	0	0	0	0	0	0	0	0	0	0	0	0	0	0	0	0	1	0	0	0	0	0	1	0	0	0	0
YAR070C	0	0	0	0	0	0	0	0	0	0	0	0	0	0	0	0	0	0	0	0	0	0	0	0	0	0	0	0	0	0	0	0	0	0	0	0	1	0	0	1	0	0	0	0	0	0	0	0
YKL180W	4	9	9	1	14	16	3	5	8	3	7	1	10	8	4	10	7	7	9	15	13	16	33	11	59	33	25	135	56	231	191	256	399	256	423	595	122	447	513	66	290	89	52	41	8	6	0	4
YGR122C-A	0	0	0	0	0	0	0	0	0	0	0	0	0	0	0	0	0	0	0	0	0	0	0	0	0	0	1	0	0	0	1	1	0	5	1	0	0	2	3	1	1	3	0	0	0	0	0	0
YHL046C	0	0	0	0	0	0	0	0	0	0	0	0	1	0	0	0	0	0	0	0	0	0	0	0	0	0	0	1	0	0	1	0	0	0	0	0	0	1	1	1	3	0	0	0	0	0	0	0
YKL139W	0	0	0	0	0	0	0	0	0	0	0	0	0	0	0	0	0	0	0	0	0	0	0	0	0	0	0	0	0	0	0	0	0	0	0	1	0	0	0	0	0	0	0	0	0	0	0	0
YDR150W	0	0	0	0	8	0	0	0	5	0	0	0	0	5	0	0	0	0	0	11	0	0	4	0	5	9	9	26	5	119	45	85	195	63	226	276	72	193	215	48	183	85	30	28	9	8	3	14
YHR047C	0	0	0	0	0	2	0	0	1	0	0	0	0	0	0	0	0	0	0	0	0	0	0	1	0	0	0	0	0	0	0	0	0	0	0	0	0	0	0	0	0	0	0	0	0	0	0	0
YIR041W	0	0	0	0	0	0	0	0	0	0	0	0	1	0	0	0	0	0	0	0	0	0	0	0	0	0	0	0	0	0	0	0	0	0	0	0	0	0	0	0	0	0	0	0	0	0	0	0
YDL083C	8	5	5	3	5	5	4	2	3	5	6	8	4	5	3	7	3	5	14	3	4	8	16	18	21	14	22	87	20	138	128	58	390	270	191	461	217	118	600	131	112	173	92	54	29	27	8	64
YLL039C	4	8	2	11	17	3	2	10	0	0	12	3	4	3	4	0	6	3	7	2	11	4	6	10	20	9	7	65	13	43	68	63	108	148	164	264	73	210	213	72	161	36	62	36	12	0	6	2
YJR094W-A	4	1	2	3	1	2	5	2	1	1	2	1	2	0	1	4	0	3	5	0	2	11	4	4	13	2	13	15	4	54	42	47	133	57	119	225	44	87	138	80	41	3	45	3	3	2	0	1
YEL030W	0	0	0	4	2	0	0	3	0	0	0	0	0	0	0	0	0	0	0	0	0	0	0	0	0	0	0	0	0	0	0	0	0	0	0	0	0	0	0	0	2	0	0	0	0	0	0	0
YNL027W	0	0	0	0	0	0	0	0	0	0	0	0	0	1	1	0	1	0	0	0	0	0	0	1	0	0	0	0	0	0	0	0	0	0	0	3	0	0	2	0	0	0	0	0	0	0	0	0
YHR215W	10	3	2	7	5	6	11	12	7	8	6	6	2	16	8	12	11	7	12	12	15	15	34	19	72	42	46	222	86	272	399	441	809	640	1093	1080	416	1454	1278	381	1347	284	355	319	59	52	40	28
YCR108C	0	0	0	0	0	0	0	0	0	0	0	0	0	0	0	0	0	0	0	0	0	0	0	0	0	0	0	0	0	0	0	2	0	0	0	0	0	0	0	0	1	0	0	0	0	0	0	0
YLL045C	9	18	17	15	17	16	22	25	25	17	25	19	27	38	5	25	22	8	37	55	23	60	64	24	153	78	63	435	112	347	787	804	1035	1248	1980	1650	917	2478	1654	812	2151	376	544	418	132	105	36	93
YNL337W	0	0	0	0	0	0	0	0	0	0	0	0	0	0	0	0	0	0	0	0	0	0	0	0	0	0	0	0	0	0	0	0	0	0	0	0	0	0	0	1	0	0	0	0	0	0	0	0
YNL327W	0	0	0	0	0	0	0	0	0	0	0	0	0	0	0	2	0	0	0	0	0	0	0	0	0	0	0	8	0	4	8	2	12	20	12	20	6	4	10	6	12	0	12	4	0	2	0	0
YDR210W	0	0	0	0	2	2	0	0	0	0	0	0	0	0	0	0	0	0	0	0	0	0	0	0	0	0	0	0	0	0	0	0	0	0	0	0	0	0	0	0	0	0	0	0	0	0	0	0
YDL131W	3	5	3	1	8	2	3	4	5	2	6	3	4	7	9	12	3	1	7	6	11	11	22	9	49	10	13	153	29	144	270	267	377	392	551	640	267	748	606	208	674	157	140	146	27	35	12	9
YFR040W	0	0	0	0	0	0	0	0	0	0	0	0	0	0	0	0	0	0	0	2	0	0	0	0	0	0	0	0	0	0	0	0	0	0	0	0	0	0	0	0	0	0	0	0	0	0	0	0
YML124C	0	0	0	0	1	0	0	0	0	0	0	0	0	0	0	0	0	0	0	0	0	0	1	0	0	0	0	0	0	1	0	5	2	2	2	0	0	0	0	0	0	0	0	0	0	0	0	0
YAR033W	0	0	0	0	0	2	0	0	0	0	0	0	0	0	0	0	0	0	0	0	0	0	0	0	1	0	1	0	0	2	2	1	3	5	15	7	2	14	8	6	8	5	4	3	0	0	2	0
YLR081W	0	0	0	0	0	0	0	0	0	0	0	0	0	0	0	0	0	0	0	0	1	1	0	0	0	0	0	0	2	0	0	1	0	0	2	0	0	3	0	0	1	0	0	0	0	0	0	0
YPR196W	0	0	0	0	0	0	0	0	0	0	0	0	0	0	0	0	0	0	0	0	0	0	0	0	0	0	0	0	2	0	1	2	0	0	0	3	0	1	0	1	2	0	0	0	0	0	0	0
YGR087C	7	5	4	1	2	2	3	6	3	5	4	1	0	2	3	3	3	0	2	1	4	0	2	3	0	10	1	14	0	2	0	2	26	0	1	8	0	1	7	0	4	1	0	0	0	0	0	0
YGL008C	5	1	0	2	5	3	0	6	8	0	9	0	4	1	2	3	0	2	6	7	0	6	7	2	11	7	11	35	9	43	61	46	83	117	86	107	75	156	137	65	121	37	54	12	7	5	1	5
YDR170C	0	0	0	0	0	0	0	0	0	0	0	0	0	0	1	0	0	0	0	0	0	0	0	0	0	2	0	0	0	18	0	0	15	0	2	6	0	2	25	0	0	6	2	0	0	2	0	4
YCL025C	0	0	0	0	0	0	0	0	0	0	0	0	0	0	0	0	0	0	0	0	0	0	0	0	0	0	0	1	1	0	5	1	2	4	3	2	1	16	3	2	12	0	1	0	0	0	0	0
YBL075C	1	0	0	0	0	4	0	0	1	0	0	2	0	0	0	0	0	0	0	0	0	0	0	1	0	0	1	0	0	0	0	0	0	0	0	0	0	0	0	0	0	0	0	0	0	0	0	0
YOR072W-B	36	13	1884	27	7	9561	43	25	7519	182	20	735	138	14	487	21	20	186	31	16	64	37	11	29	48	24	53	89	17	503	38	40	1828	11	167	1321	16	345	117	102	502	110	234	70	172	38	58	330
YLR103C	0	0	2	0	0	0	0	0	0	0	0	0	0	0	0	0	0	0	0	0	0	0	0	0	0	0	0	0	0	0	0	0	0	0	0	0	0	0	0	0	0	0	0	0	0	0	0	0
YCR087W	0	4	0	0	0	0	0	0	0	0	0	0	0	0	0	0	0	0	0	0	0	0	0	0	0	0	0	0	0	0	0	0	0	0	0	0	0	0	0	0	0	0	0	0	0	0	0	0
YLR340W	2	3	2	0	3	1	0	14	1	0	3	0	0	11	0	0	6	0	1	0	2	0	0	2	0	0	0	0	0	2	0	3	18	0	6	21	0	2	66	0	7	19	0	0	0	0	0	0
YDL137W	1	3	2	0	0	0	1	0	2	0	4	2	0	4	0	0	1	0	4	0	5	4	1	2	2	1	1	7	2	26	14	18	23	15	45	77	27	60	77	28	28	12	10	9	2	2	3	2
YGL189C	11	7	1	6	4	4	2	4	3	2	7	2	0	14	5	7	0	4	10	8	12	17	19	5	36	16	1	76	14	61	128	80	102	130	263	103	92	247	137	63	297	22	63	50	11	0	1	6
YNL302C	9	10	8	1	10	11	7	16	8	3	10	16	4	18	15	8	15	9	11	8	25	22	26	19	96	30	37	298	64	291	519	344	795	710	755	871	363	764	1119	223	726	270	201	91	67	18	1	23
YPR163C	0	2	0	0	4	8	2	4	13	0	0	4	0	2	2	0	2	10	2	4	6	6	2	14	20	4	8	82	2	92	90	36	196	86	116	198	86	84	220	54	90	54	48	20	8	0	0	14
YNL096C	8	3	0	7	3	1	8	7	5	6	12	3	7	7	6	6	7	4	13	15	2	22	22	16	39	17	30	163	36	173	255	141	607	293	359	813	357	409	598	289	361	149	153	56	13	38	6	12
YOR394W	0	0	0	0	0	0	0	0	0	0	0	0	1	0	0	0	0	0	0	0	0	0	0	0	0	0	0	0	0	0	0	0	0	0	0	1	1	2	0	0	1	0	0	0	0	0	0	0
YHR095W	0	0	0	0	0	0	0	0	0	0	0	0	0	0	0	0	0	0	0	0	0	0	0	0	1	0	0	0	0	0	0	0	0	0	0	0	0	0	0	0	0	0	0	0	0	0	0	0
YGR287C	0	0	0	0	0	0	0	0	0	1	0	0	0	0	0	0	0	0	0	0	0	0	0	0	0	2	0	0	3	0	0	0	1	1	2	2	1	0	3	0	5	0	1	0	0	1	0	0
YGR130C	0	0	0	0	0	0	0	0	0	0	0	0	0	0	0	0	0	0	0	0	0	0	0	0	0	0	0	2	0	0	0	0	1	0	2	0	0	0	0	0	0	0	0	0	0	0	0	0
YDL192W	1	3	2	0	0	0	1	0	2	0	4	2	0	4	0	0	1	0	4	0	5	4	1	2	2	1	1	7	2	26	14	18	23	15	45	77	27	60	77	28	28	12	10	9	2	2	3	2
YMR170C	0	0	0	0	0	0	0	0	0	0	0	0	0	0	0	0	0	1	0	0	1	0	2	0	1	3	0	5	3	11	10	16	24	25	25	27	12	41	29	14	37	7	6	11	1	3	0	2
YCR106W	0	0	0	0	0	0	0	0	0	0	0	0	0	0	0	0	0	0	0	0	0	0	0	0	0	2	0	0	0	0	0	1	0	0	2	0	0	1	2	2	0	0	0	2	0	0	0	0
YDR502C	0	0	1	1	1	0	0	3	2	4	1	2	1	1	0	3	0	2	0	1	0	2	3	1	8	5	5	43	6	30	47	56	119	85	98	119	58	131	175	26	155	29	21	22	8	7	0	3
YER062C	0	0	0	0	0	0	0	0	0	0	0	1	1	0	0	1	1	0	1	0	0	0	0	0	0	0	0	0	0	2	0	0	4	0	0	8	0	0	15	0	0	1	0	0	0	0	0	0
YGL261C	0	0	0	0	0	0	0	0	0	0	0	0	1	0	0	0	0	0	0	0	0	0	0	0	0	0	0	1	0	0	1	0	0	0	0	0	0	1	1	0	2	0	0	0	0	0	0	0
YPL282C	0	0	0	0	0	0	0	0	0	0	0	0	1	0	0	0	0	0	0	0	0	0	0	0	0	0	0	0	0	0	0	0	0	0	0	1	1	2	0	0	1	0	0	0	0	0	0	0
YMR158C-A	0	0	0	0	0	0	0	0	0	0	0	0	0	0	0	0	0	0	0	0	0	0	0	0	0	0	0	0	0	0	0	0	0	0	0	0	0	0	1	0	0	0	0	0	0	0	0	0
YHR092C	1	0	1	0	1	1	0	1	0	0	0	1	3	1	0	0	0	2	4	0	2	2	2	1	4	1	0	11	5	8	16	16	55	36	74	30	46	64	55	21	44	7	15	9	1	5	3	4
YIL148W	11	18	14	33	28	32	25	38	42	15	27	51	18	34	13	35	26	31	41	35	44	47	79	46	197	92	117	578	163	602	994	871	2219	1703	2000	3994	1319	2946	3221	975	2236	650	853	508	100	112	43	63
YDL130W	2	1	2	2	9	2	3	23	2	4	6	3	0	16	3	2	15	5	9	6	12	10	11	11	15	19	14	112	28	107	120	211	493	161	478	411	71	403	424	22	372	174	22	67	12	4	0	0
YPL079W	7	7	18	12	22	13	23	17	12	15	21	17	16	29	14	14	30	6	25	41	22	31	44	32	98	51	55	321	109	479	424	751	1086	925	1844	1236	666	1855	1511	439	1929	425	357	360	52	65	16	25
YKL163W	2	3	3	0	1	4	2	1	5	1	3	2	3	3	0	2	3	2	2	3	3	5	8	4	16	6	9	31	17	64	41	57	199	122	177	395	90	267	420	99	279	96	84	66	31	24	9	23
YDR443C	0	0	1	0	0	0	0	0	0	0	0	0	0	0	0	0	0	0	0	0	0	0	0	0	0	0	0	0	0	0	0	0	0	0	0	0	0	0	0	0	0	0	0	0	0	0	0	0
YJL141C	0	0	0	0	0	0	0	0	0	0	0	0	0	0	1	0	0	0	0	0	0	0	0	0	0	0	0	0	0	0	0	0	0	0	0	0	0	0	0	0	0	0	0	0	0	0	0	0
YFR008W	0	0	0	0	0	0	0	0	0	0	0	0	0	0	0	0	0	0	0	0	0	0	0	0	0	0	0	0	0	0	0	0	0	0	1	0	0	0	1	0	0	0	0	0	0	0	0	0
YLR155C	0	0	0	0	0	0	0	0	0	0	0	0	0	0	0	0	0	1	0	0	2	0	0	0	0	1	0	1	1	2	1	2	3	11	5	8	5	9	12	1	9	11	3	3	0	0	1	0
YEL069C	0	0	0	0	0	0	0	0	0	0	0	0	0	0	0	0	0	0	0	0	0	0	0	0	0	0	0	0	0	1	0	0	0	0	0	0	0	0	0	0	0	0	0	0	0	0	0	0
YBL087C	12	10	8	17	20	19	12	25	29	9	27	20	15	37	11	32	16	15	35	34	33	68	45	52	197	73	72	543	149	485	836	831	1572	1239	2134	1986	729	2245	1871	611	1642	345	372	269	54	50	23	22
YDL075W	3	3	2	0	0	0	0	2	0	0	1	4	1	3	0	1	0	0	1	2	1	0	0	2	1	1	0	2	2	0	0	1	3	0	0	4	1	1	10	0	0	2	1	0	0	0	0	0
YER150W	0	0	0	0	0	0	0	0	0	0	0	0	0	2	0	0	0	0	0	0	0	0	0	0	0	0	0	0	0	0	0	0	0	0	0	0	0	0	0	0	0	0	0	0	0	0	0	0
YGL058W	0	1	0	0	0	2	0	2	0	0	0	1	0	0	0	0	0	0	0	0	0	0	0	0	0	0	0	0	0	0	0	0	0	0	0	0	0	0	2	0	1	0	0	0	0	0	0	0
YDL061C	1	0	1	0	0	4	1	2	2	2	0	2	0	4	1	1	1	2	1	2	0	0	2	1	11	4	4	16	7	18	1	17	81	5	50	68	2	10	19	0	3	6	0	0	0	0	0	0
YLR441C	10	7	3	11	17	7	11	17	11	4	13	6	10	23	7	22	12	17	23	26	23	39	30	18	102	40	46	202	71	233	360	382	577	625	766	995	370	1159	1068	405	879	226	261	156	38	27	14	11
YEL054C	10	6	12	8	8	9	5	12	6	4	10	12	9	13	0	7	14	10	20	26	17	43	27	23	125	60	45	357	86	245	544	596	820	701	1297	1099	601	1501	810	527	1256	222	352	205	53	42	16	10
YDL248W	0	1	0	1	2	1	0	1	1	0	0	1	0	0	0	0	0	1	0	4	1	5	0	3	5	3	2	8	2	20	38	13	52	36	81	91	32	99	62	41	40	17	20	22	11	6	0	2
YGR187C	1	0	0	0	0	0	0	0	0	0	0	0	0	0	0	0	0	0	0	0	0	0	0	0	0	0	0	0	0	0	0	0	0	0	0	0	0	0	0	0	0	0	0	0	0	0	0	0
YKR092C	0	0	0	0	3	0	3	0	0	0	0	0	0	0	0	0	2	0	0	0	0	0	0	0	0	0	0	0	0	0	0	0	0	2	4	0	0	1	0	0	0	0	0	0	0	0	0	0
YOR259C	0	0	0	0	0	0	0	0	0	0	0	1	0	0	0	0	0	0	0	0	0	0	0	0	0	0	0	0	0	0	0	0	0	0	0	0	0	0	0	0	0	0	0	0	0	0	0	0
YPR001W	0	0	1	0	0	0	0	0	0	0	0	0	0	0	0	0	0	0	0	0	0	0	0	0	0	0	0	0	0	0	0	0	0	0	0	0	0	0	0	0	0	0	0	0	0	0	0	0
YNL034W	0	0	0	0	0	0	0	0	0	0	0	0	0	0	0	0	0	0	0	0	0	0	0	0	0	0	0	0	0	1	0	0	1	0	0	3	0	0	0	1	0	0	0	0	0	0	0	0
YOR229W	0	0	0	0	0	0	0	1	0	0	0	0	0	0	0	0	0	0	0	0	0	0	0	0	0	0	0	0	0	0	0	0	0	0	0	0	0	0	0	0	0	0	0	0	0	0	0	0
YNL018C	0	0	0	0	0	0	0	0	0	0	0	0	0	0	0	0	0	0	0	0	0	0	0	0	0	0	0	0	0	1	0	0	1	0	0	3	0	0	0	1	0	0	0	0	0	0	0	0
YDR447C	2	8	8	10	11	13	13	15	17	7	21	10	10	25	5	15	14	12	22	23	18	49	38	35	90	48	52	379	82	276	473	472	776	877	1254	1241	641	1523	1159	526	1122	210	446	203	25	49	13	24
YJR009C	170	220	178	231	413	257	299	531	299	240	596	351	310	659	182	475	413	281	580	582	467	967	1070	669	3177	1383	1283	9124	2639	8217	15863	15869	25124	25419	37656	38647	14991	51740	39532	13354	51933	8264	10437	9066	1556	2052	1113	556
YLL024C	88	75	86	84	161	125	133	180	143	99	257	201	122	233	99	228	192	154	247	300	284	433	569	334	1453	647	641	3915	1326	4329	7764	8182	11948	12349	18524	18544	7765	25331	20894	7091	24574	4502	6112	4753	749	993	434	310
YJL159W	10	16	22	20	17	9	41	33	19	11	19	16	14	21	16	25	16	13	43	42	46	59	53	48	172	48	84	436	79	664	648	734	1243	1313	1622	1599	827	1969	1852	805	1970	347	685	287	67	60	51	41
YDL243C	0	0	0	0	0	0	0	0	0	0	0	0	0	0	0	0	0	0	0	0	0	0	0	0	0	0	0	0	0	0	0	0	0	2	0	0	1	1	1	0	0	0	0	0	0	0	0	0
YOR375C	0	0	0	0	0	0	0	0	0	0	0	0	0	1	1	0	0	0	0	0	0	0	0	0	1	0	0	5	0	2	0	10	3	8	14	4	2	1	6	0	10	0	0	1	0	0	0	0
YHL048W	0	1	0	1	0	0	0	0	0	0	0	1	0	0	0	2	0	1	0	2	0	0	0	1	1	0	0	2	0	6	8	5	16	9	13	24	6	19	16	6	11	3	8	1	7	2	0	0
YOR211C	0	0	2	0	0	0	0	0	0	0	0	0	0	0	0	0	0	0	0	0	0	0	0	0	0	0	0	0	0	0	0	0	0	0	0	0	0	0	0	0	0	0	0	0	0	0	0	0
YIR010W	0	0	0	0	0	0	0	0	0	0	0	0	0	0	0	0	0	0	0	0	0	0	0	0	0	0	0	0	0	2	0	0	0	2	0	0	0	0	0	0	0	0	0	0	0	0	0	0
YNL209W	61	54	77	61	121	97	114	120	99	66	156	132	125	185	70	178	116	109	191	207	218	296	431	250	1028	508	517	2788	889	3424	4851	5675	8812	7917	13015	12558	5282	17331	13550	4769	17759	2944	4049	2671	523	587	215	219
YOR293W	3	2	8	6	2	6	2	12	7	6	0	5	6	8	3	2	9	5	15	10	13	10	13	9	37	8	20	176	11	112	69	51	284	123	167	290	207	142	426	93	160	83	51	48	8	7	7	1
YML056C	2	1	1	2	5	1	0	2	2	2	1	0	1	3	5	9	1	2	6	9	9	4	6	5	22	11	5	49	13	79	97	107	214	146	213	325	92	278	432	94	266	89	100	52	20	15	7	14
YLR367W	1	1	1	0	3	3	3	3	3	7	5	1	0	4	0	5	3	0	6	1	3	14	2	7	13	8	7	38	14	27	44	39	66	36	58	73	15	100	42	22	44	12	6	8	1	0	3	0
YAR020C	0	0	0	0	0	0	0	0	0	0	0	0	0	0	0	0	0	0	0	0	0	0	0	0	0	0	0	0	0	0	0	0	0	0	0	0	0	0	0	0	0	0	0	0	0	1	0	0
YKL105C	0	0	0	0	0	0	0	0	2	0	0	0	0	0	0	0	0	0	0	0	0	0	0	0	0	0	0	0	0	0	0	0	0	0	0	0	0	0	0	0	0	0	0	0	0	0	0	0
YLR177W	0	0	0	0	0	0	0	0	0	0	0	0	0	0	0	0	0	0	0	0	0	0	0	0	0	0	0	0	0	0	0	0	0	0	1	2	0	0	1	0	0	0	0	0	0	0	0	0
YPR154W	0	0	2	0	0	0	0	0	0	0	0	0	0	0	0	0	0	0	0	0	0	0	0	0	0	0	0	0	0	0	0	1	0	0	0	0	0	0	0	0	0	0	0	0	0	0	0	0
YJL041W	0	0	0	2	0	0	0	0	2	0	0	0	0	0	0	0	0	2	4	0	0	2	0	0	4	12	2	8	8	26	26	28	108	68	74	104	42	94	134	40	98	38	16	14	2	12	0	0
YHR131C	0	2	0	0	4	3	0	2	0	0	0	1	0	0	0	0	0	0	0	0	0	0	0	0	0	0	0	0	0	3	0	0	2	0	0	0	0	0	1	0	1	0	0	0	0	0	0	0
YAR068W	0	0	0	0	0	0	0	0	0	0	0	0	0	0	0	0	0	0	0	0	0	0	0	0	0	0	0	0	0	0	0	1	1	0	0	2	2	4	1	0	0	1	1	0	0	0	0	0
YHR043C	0	0	0	0	0	0	0	1	0	0	0	0	0	0	0	0	0	0	1	0	0	0	1	0	1	3	0	7	0	9	6	10	15	19	27	22	14	16	21	9	24	11	6	1	0	0	0	2
YFR024C-A	0	0	0	0	0	0	0	0	1	0	0	0	0	0	0	0	0	0	0	0	0	0	0	0	0	0	0	0	0	0	0	0	0	0	0	0	0	0	0	0	0	0	0	0	0	0	0	0
YFR031C-A	22	15	24	30	27	52	22	54	50	24	65	61	29	75	28	36	58	34	47	56	72	106	115	89	338	160	170	1190	322	1238	2012	1911	3665	2767	4930	5497	1923	5838	5754	1683	5895	1202	1504	1100	292	283	142	186
YJL052W	77	118	95	102	164	147	148	275	144	116	269	183	138	231	97	229	204	153	273	288	217	519	465	342	1491	613	692	4353	1281	4113	8455	6380	13482	9687	15956	21171	7308	22046	18325	7262	19663	5189	5049	3202	789	935	281	253
YJL198W	0	0	0	0	0	0	0	0	0	0	0	0	0	0	0	0	0	0	0	0	0	0	0	0	0	0	0	0	0	0	0	0	0	0	0	0	0	0	0	0	0	0	1	0	0	0	0	0
YLR104W	0	0	1	0	0	0	0	0	0	0	0	0	0	0	0	0	0	0	0	0	0	0	0	0	0	0	0	0	0	0	0	0	0	0	0	0	0	0	0	0	0	0	0	0	0	0	0	0
YOL121C	9	10	8	1	10	11	7	16	8	3	10	16	4	18	15	8	15	9	11	8	25	22	26	19	96	30	37	298	64	291	519	344	795	710	755	871	363	764	1119	223	726	270	201	91	67	18	1	23
YGL076C	17	23	21	31	33	34	41	65	38	19	61	44	53	86	29	66	55	40	66	77	83	139	163	99	441	174	228	1229	379	1256	2436	2268	3921	3390	5258	6248	2477	7592	6080	2379	7343	1572	1738	1326	431	294	164	119
YNL333W	0	0	0	0	0	0	0	0	0	0	0	0	0	0	0	1	0	0	0	0	0	0	2	0	2	0	1	4	0	4	6	6	8	6	5	11	4	16	8	2	19	2	8	0	0	0	0	0
YMR304C-A	0	0	0	0	0	0	0	0	0	0	0	0	0	0	0	0	0	0	0	0	0	0	2	0	1	1	0	1	0	1	0	15	0	5	3	0	0	0	0	0	0	0	0	0	0	0	0	0
YJL223C	0	0	0	0	0	0	0	0	0	0	0	0	1	0	0	0	0	0	0	0	0	0	0	0	0	0	0	1	0	0	0	0	0	0	0	0	0	1	1	1	3	0	0	0	0	0	0	0
YMR169C	0	0	0	0	0	0	0	0	0	0	0	0	0	0	0	0	0	1	0	0	1	0	2	0	1	3	0	5	3	11	10	16	24	25	25	27	12	41	29	14	37	7	6	11	1	3	0	2
YML074C	0	0	1	0	0	0	0	0	0	0	0	0	0	0	0	0	0	0	0	0	0	0	0	0	0	0	0	0	0	4	0	0	4	0	0	3	0	0	4	0	0	0	0	0	0	1	0	0
YCR031C	2	14	5	9	18	4	7	3	9	8	15	10	15	11	3	19	5	12	18	16	14	33	31	19	85	33	30	263	86	214	368	424	502	471	960	794	340	1152	866	215	909	151	180	192	35	30	16	5
YPR080W	307	338	334	403	597	356	554	638	599	418	841	643	582	1072	410	1042	749	550	1086	1233	1255	1876	2290	1400	7433	2678	2897	19044	5362	19029	36101	34624	51017	54504	77158	81711	31332	104163	85200	27614	101577	20017	25359	19275	4313	3514	2050	1917
YDR418W	10	6	12	8	8	9	5	12	6	4	10	12	9	13	0	7	14	10	20	26	17	43	27	23	126	59	45	358	87	243	543	595	822	699	1298	1100	599	1504	809	526	1257	222	352	205	53	42	16	10
YEL075W-A	0	0	0	0	0	0	0	0	0	0	0	0	0	0	0	0	0	0	0	0	0	0	0	0	0	0	0	1	0	0	0	0	0	0	0	0	0	0	0	0	0	0	0	0	0	0	0	0
YDR471W	2	2	0	0	3	0	0	1	0	0	4	1	0	6	2	2	0	0	0	0	1	1	4	5	6	3	6	18	7	11	19	16	26	25	50	69	7	28	74	2	10	17	0	1	1	0	0	0
YMR173W-A	10	3	2	13	6	7	4	5	28	36	15	5	34	3	7	3	9	19	14	11	5	36	17	8	42	14	74	58	159	186	442	394	347	982	724	621	1258	986	254	1458	172	251	195	26	227	33	18	27
YPL279C	0	0	1	0	1	0	0	0	2	0	0	0	0	0	0	0	0	0	2	0	0	0	1	0	3	0	4	4	1	1	9	5	19	12	12	24	7	23	21	10	8	11	9	2	4	0	3	7
YPL281C	0	0	0	0	0	0	1	0	0	0	0	0	0	0	0	0	0	0	0	0	0	0	0	0	0	0	0	0	0	0	0	0	0	0	0	0	0	0	0	0	0	0	0	0	0	0	0	0
YGR109W-A	0	0	0	0	0	0	0	0	0	0	0	0	0	0	0	0	0	0	1	0	0	0	0	0	0	0	0	0	0	0	2	0	6	1	3	4	1	1	5	0	0	1	0	1	0	1	0	0
YAL069W	0	0	0	0	0	0	0	0	0	0	0	0	0	0	0	0	0	0	0	0	0	0	0	0	0	0	0	0	0	0	0	0	2	0	0	0	0	0	0	0	0	1	0	0	0	0	0	0
YBL072C	32	29	22	19	40	60	43	48	72	37	70	56	41	83	40	75	72	56	104	97	116	141	144	151	557	234	229	1729	407	1752	2930	2654	4821	4389	6404	7149	2871	7847	7364	2494	7194	1913	1957	1616	369	349	127	137
YFR033C	0	0	0	0	0	1	0	1	0	0	0	0	0	0	0	0	0	0	0	0	0	0	0	0	0	0	0	0	0	0	0	0	0	0	0	0	0	0	0	0	0	0	0	0	0	0	0	0
YPR108W-A	0	0	9	3	0	0	1	3	5	0	4	2	1	3	2	3	1	1	0	1	3	4	5	0	8	16	7	0	168	11	0	452	23	15	37	91	1	29	30	3	19	8	1	3	42	0	8	11
YLR344W	2	2	5	7	7	3	5	13	2	4	6	7	3	9	8	8	10	6	6	14	10	20	19	25	53	18	19	133	41	148	267	161	467	311	393	771	246	627	642	204	606	307	148	186	46	32	18	5
YLR449W	0	0	0	0	3	0	0	0	0	0	0	0	0	0	1	0	0	0	0	0	0	0	0	0	0	0	0	0	0	0	0	0	1	0	0	1	0	0	0	0	0	0	0	0	0	0	0	1
YNL136W	0	0	1	0	0	0	0	0	0	0	0	0	0	0	0	0	0	0	0	0	0	0	0	0	0	0	0	0	0	0	0	0	0	0	0	0	0	0	0	0	0	0	0	0	0	0	0	0
YPL240C	20	20	23	22	22	30	34	25	27	13	25	33	28	73	20	34	30	12	43	61	56	78	72	89	199	142	102	502	193	713	854	1046	1796	1399	2653	2252	1173	2873	2514	824	3122	739	821	755	94	172	67	37
YLR044C	31	44	36	20	63	48	27	66	56	27	62	63	16	83	33	45	52	27	44	62	47	71	117	52	219	136	80	534	184	525	997	1062	1352	1708	2354	1480	536	2594	2126	445	2564	387	328	339	51	63	30	27
YHR096C	0	0	0	0	0	0	0	0	0	0	0	0	0	0	0	0	0	0	0	0	0	0	0	0	4	0	0	3	0	0	6	1	13	7	12	12	7	11	18	8	11	2	2	3	2	2	1	1
YBL002W	1	0	1	1	3	2	4	1	1	0	2	1	1	0	1	0	0	0	1	2	0	0	3	5	5	1	0	15	2	2	14	9	10	9	58	0	11	67	4	4	30	1	1	15	0	0	0	0
YGL229C	0	0	1	0	0	0	0	0	0	0	0	0	0	0	0	0	0	0	0	0	0	0	0	0	0	0	0	0	0	0	0	0	0	0	0	0	0	0	0	0	0	0	0	0	0	0	0	0
YDR174W	0	0	0	2	0	0	0	0	0	0	0	0	0	0	0	0	0	0	0	0	0	0	0	0	0	0	0	0	0	0	0	0	0	0	0	0	0	0	0	0	0	0	0	0	1	0	0	0
YDR409W	0	0	0	0	0	0	0	0	0	0	0	0	0	0	0	0	0	0	0	0	0	0	0	0	0	0	0	0	0	0	0	0	0	0	0	0	0	0	0	0	0	1	0	0	0	0	0	0
YEL070W	0	0	0	0	0	0	0	0	0	0	0	0	0	0	0	0	0	0	0	0	0	0	0	0	0	0	1	0	1	0	0	1	1	0	3	6	1	3	1	0	3	1	0	1	0	0	0	0
YOR071C	0	0	0	0	0	0	0	0	0	0	0	0	0	0	0	0	0	0	0	0	0	0	0	0	0	0	0	0	0	0	0	0	2	0	0	0	0	2	0	0	0	0	0	0	0	0	1	0
YML073C	1	8	9	2	11	2	5	3	8	6	7	8	3	3	6	5	2	11	6	4	13	11	17	7	18	15	12	112	37	67	167	153	178	183	416	228	215	424	221	142	258	48	79	35	20	12	2	18
YCR038C	0	0	0	0	0	1	0	0	0	0	0	0	0	0	1	0	0	0	0	0	0	0	0	0	0	0	2	1	0	2	4	3	4	2	7	11	0	6	2	2	1	1	1	2	0	0	0	0
YNL236W	1	0	0	0	0	0	0	0	0	0	0	0	0	0	0	0	0	0	0	0	0	0	0	0	0	0	0	0	0	0	0	0	0	0	0	0	0	0	0	0	0	0	0	0	0	0	0	0
YFL023W	0	0	0	0	0	0	0	0	0	2	0	0	0	0	0	0	0	0	0	0	0	0	0	0	2	0	2	0	0	8	2	0	2	0	4	6	0	2	6	0	0	0	0	0	0	0	0	0
YHR174W	141	157	192	169	323	259	263	343	273	191	420	332	199	517	152	471	304	213	476	523	485	629	1024	529	2390	1150	933	7255	2003	6949	11281	13001	20920	19699	30889	31358	11946	37894	33319	9628	45105	7002	10041	8671	1087	1580	673	476
YJL160C	0	0	0	0	0	0	0	0	0	0	0	0	0	0	0	0	0	0	0	0	0	0	0	0	0	1	0	0	0	0	0	0	0	0	0	0	0	0	0	0	0	0	0	0	0	0	0	0
YNL014W	2	1	1	2	0	4	8	5	1	8	4	2	7	1	0	2	2	4	5	2	3	8	4	1	20	7	12	40	14	61	139	49	117	61	69	265	81	130	101	70	52	17	29	12	8	15	0	0
YPR042C	0	0	0	0	0	0	0	0	0	0	0	0	0	0	0	0	0	0	0	0	0	0	0	0	0	0	0	1	0	0	0	0	0	0	0	0	0	0	0	0	0	0	0	0	0	0	0	3
YCR102C	0	0	0	0	0	0	0	0	0	0	0	0	0	0	0	0	0	0	0	0	0	0	0	0	0	0	0	0	0	0	0	1	1	2	1	0	1	0	1	1	2	0	0	0	0	0	0	0
YFL038C	0	0	0	0	0	0	0	0	0	0	0	0	0	0	0	0	0	0	0	0	0	0	0	0	0	0	0	0	0	0	0	0	0	0	1	0	0	0	0	0	0	0	0	0	0	0	0	0
YKR042W	0	0	0	0	0	0	1	0	0	0	0	0	0	0	0	0	0	0	0	0	0	0	0	0	0	0	0	0	0	0	0	0	0	0	0	0	0	0	0	0	0	0	0	0	0	0	0	0
YBR093C	1	0	0	6	1	1	6	1	1	0	1	3	0	4	1	2	0	0	2	3	2	7	8	8	15	8	8	27	15	30	45	62	94	94	148	149	46	198	160	29	222	24	24	42	6	3	4	1
YBL112C	0	0	0	0	0	0	0	0	0	0	0	0	0	0	0	0	0	0	0	0	2	0	0	0	0	0	0	1	0	0	2	4	3	6	5	11	5	6	16	3	8	6	0	4	1	0	0	0
YGL054C	0	1	0	0	0	0	0	0	0	0	0	0	0	0	0	0	0	0	0	0	0	0	0	0	0	0	0	0	0	0	0	0	0	0	0	0	0	0	0	0	0	0	0	0	0	0	0	0
YBR108W	0	0	0	0	0	0	0	0	0	0	0	0	0	0	0	0	0	0	0	0	0	0	0	0	0	0	0	0	0	1	0	2	2	0	0	0	0	0	0	0	0	0	0	0	0	0	0	0
YGR240C	0	0	0	1	0	1	0	0	0	0	0	0	0	0	0	0	0	1	0	0	0	0	0	0	0	0	0	0	0	0	0	0	0	1	0	0	0	0	0	0	0	0	1	0	0	0	0	0
YLR134W	25	39	32	19	61	47	24	62	53	22	58	62	16	81	30	42	49	27	42	61	43	71	114	50	218	126	82	520	183	525	1001	1057	1327	1707	2353	1475	536	2598	2116	445	2568	386	328	339	51	63	30	27
YCR041W	0	0	0	0	0	0	0	0	0	0	0	0	0	0	0	0	0	0	0	0	0	1	0	0	0	0	0	0	0	0	0	0	0	0	0	0	1	0	0	0	2	0	0	0	1	0	0	0
YOR390W	0	0	1	0	1	0	0	0	2	0	0	0	0	0	0	0	0	0	2	0	0	0	1	0	2	0	5	4	1	1	9	5	19	12	12	24	7	23	21	10	8	11	9	2	4	0	3	7
YER066W	0	0	0	0	0	0	0	0	0	0	0	0	0	0	0	0	0	0	0	0	0	0	0	0	2	0	0	1	0	0	2	1	4	2	3	7	4	7	7	2	7	0	2	2	0	0	0	0
YAL068C	0	0	0	0	0	0	0	0	0	0	0	0	0	0	0	0	0	0	0	0	0	0	0	0	0	0	0	0	0	0	1	0	0	0	0	1	0	0	0	0	2	0	0	0	0	0	0	0
YGL031C	4	7	8	7	17	3	4	7	9	7	7	9	12	13	8	11	16	14	17	11	10	41	26	27	109	40	25	222	75	209	372	500	508	431	852	661	300	1104	540	261	873	90	189	146	33	22	17	14
YIL053W	0	0	0	0	0	0	0	0	0	0	0	1	1	0	0	1	1	0	1	0	0	0	0	0	0	0	0	0	0	2	0	0	4	0	0	8	0	0	15	0	0	1	0	0	0	0	0	0
YCR038W-A	0	0	0	0	0	0	0	0	0	0	0	0	0	0	0	0	0	0	0	0	0	0	0	0	0	0	0	0	0	0	0	0	0	0	0	0	0	0	0	1	0	0	0	0	0	0	0	0
YLR249W	2	2	3	2	1	5	8	6	2	8	4	2	7	1	0	2	7	4	5	2	3	8	4	1	20	7	12	40	14	61	139	49	117	61	69	265	82	130	101	70	52	17	29	12	8	15	0	0
YDR012W	40	50	60	52	67	36	73	88	80	55	89	93	61	112	56	134	82	79	120	139	174	222	244	216	822	308	341	2109	678	2356	3961	3966	6626	6128	8928	10899	3992	12192	11295	3746	12010	2332	3650	2084	506	496	184	242
YIL066C	0	0	0	0	0	0	0	0	0	0	0	0	0	0	0	0	0	0	0	0	0	1	0	0	0	0	0	0	0	1	4	0	1	0	1	3	5	2	0	2	0	0	0	0	0	0	0	0
YDL082W	6	10	6	2	14	15	18	14	19	9	11	14	8	19	11	15	7	20	23	16	22	18	40	29	90	46	39	280	49	324	266	314	760	634	826	787	312	974	982	251	992	204	254	180	37	35	12	13
YGL253W	0	0	2	0	0	0	0	0	0	0	0	0	0	1	0	0	0	0	0	1	0	0	0	0	0	0	0	0	0	0	0	0	3	0	0	0	0	0	1	0	0	0	0	0	0	0	0	0
YDR345C	2	0	1	0	0	3	0	5	1	0	1	3	3	1	0	2	1	2	2	1	2	4	3	1	8	4	2	31	6	16	53	24	111	64	117	152	81	155	78	44	105	22	19	31	8	5	4	0
YJL177W	4	9	9	1	14	16	3	5	8	3	7	1	10	8	4	10	7	7	9	15	13	16	33	11	59	33	25	135	56	231	191	256	399	256	423	595	122	447	513	66	290	89	52	41	8	6	0	4
YMR230W	3	2	8	6	2	6	2	12	7	6	0	5	6	8	3	2	9	5	15	10	13	10	13	9	37	8	20	176	11	112	69	51	284	123	167	290	207	142	426	93	160	83	51	48	8	7	7	1
YFL058W	0	0	0	0	0	0	0	0	0	0	0	0	0	0	0	0	0	0	0	0	0	0	0	0	1	0	1	0	1	1	0	0	2	0	0	2	1	3	6	2	7	2	2	1	1	0	0	0
YBR299W	0	0	0	0	0	0	0	0	0	0	0	0	0	0	0	0	0	0	0	0	0	0	0	0	0	0	0	0	0	1	5	0	3	1	1	0	1	1	3	2	1	0	0	3	0	0	0	0
YOR108W	0	0	1	0	1	1	0	0	2	1	0	0	0	2	0	0	0	0	0	0	0	0	0	0	2	1	1	2	0	6	3	9	12	1	8	18	5	10	8	3	10	8	2	2	2	0	0	0
YPL081W	8	8	10	1	9	11	6	12	11	4	16	12	8	17	3	11	15	15	14	18	13	27	27	26	78	48	43	170	71	250	341	408	771	512	829	942	303	808	925	235	744	183	207	95	33	14	4	11
YER102W	32	29	22	19	40	60	43	48	72	37	70	56	41	83	40	75	72	56	104	97	116	143	141	152	563	230	227	1734	403	1751	2928	2647	4830	4383	6409	7150	2874	7843	7365	2494	7195	1912	1956	1616	370	349	126	138
YHR052W-A	0	0	0	0	0	0	0	0	1	0	0	0	0	0	0	0	0	0	0	0	0	0	0	0	1	0	0	4	2	2	5	1	5	4	2	8	1	9	2	4	7	1	0	3	0	0	0	0
YLR466C-B	0	0	0	0	0	0	0	0	0	0	0	0	0	0	0	0	0	0	0	0	0	0	0	0	0	0	0	0	0	0	0	0	0	0	0	1	0	0	0	0	0	0	0	0	0	0	0	0
YHR054C	0	0	0	0	1	0	2	1	1	0	0	1	0	1	0	0	1	1	0	0	2	1	6	2	3	1	3	7	2	13	14	18	28	20	48	45	19	60	45	13	52	12	14	21	5	1	3	2
YJR161C	0	1	0	1	2	1	0	0	1	0	0	2	0	0	0	0	0	1	0	5	2	4	0	3	4	2	3	8	3	22	40	28	46	40	66	76	28	86	79	41	49	30	22	12	11	6	0	3
YHR216W	4	0	1	1	3	1	0	2	1	0	4	0	3	4	0	5	0	1	3	7	1	1	9	3	7	1	4	43	11	46	66	66	131	98	175	226	76	223	265	58	221	52	65	35	5	13	4	8
YKL172W	0	0	0	0	4	0	0	0	0	0	0	0	0	0	0	0	0	0	0	0	0	0	1	0	0	0	0	0	0	9	0	1	8	0	1	3	0	3	4	0	2	1	0	0	0	0	0	0
YLR019W	1	0	0	0	0	0	0	0	0	0	0	0	0	0	0	0	0	0	0	0	0	0	0	0	0	0	0	0	0	0	0	0	0	0	0	0	0	0	0	0	0	0	0	0	0	0	0	0
YNL336W	0	1	0	1	1	1	0	1	1	0	1	2	0	1	0	0	0	1	0	7	2	6	1	6	6	5	5	9	6	26	51	37	58	47	96	104	38	128	98	49	67	37	28	23	10	7	0	3
YMR039C	0	1	0	0	0	0	0	0	0	0	0	0	0	0	0	0	0	0	0	0	0	0	0	0	0	0	0	0	0	0	0	0	0	0	0	0	0	0	0	0	0	0	0	0	0	0	0	0
YDR034C-D	1	1	10	4	3	2	3	11	17	8	7	11	12	11	4	10	4	10	14	16	15	12	28	28	49	27	40	133	54	186	246	259	529	371	586	853	373	866	922	319	742	262	244	160	70	59	27	28
YLR206W	0	0	0	0	0	0	0	0	0	0	0	0	0	0	0	0	0	0	0	0	0	0	0	0	0	0	0	0	0	0	0	0	1	0	1	0	0	0	1	0	0	1	0	0	0	0	0	0
YDR342C	3	0	0	0	0	3	0	5	1	0	1	5	3	1	0	2	1	2	1	1	2	4	5	2	12	4	4	30	5	19	53	26	112	65	107	163	78	153	88	47	115	25	22	29	11	5	4	1
YDR034C-C	1	1	7	2	3	2	2	5	8	5	4	7	5	5	2	4	3	7	0	12	6	8	11	13	25	10	19	62	27	92	120	140	269	186	287	443	206	437	469	163	403	139	136	85	43	39	17	15
YEL036C	0	0	0	0	0	0	0	0	0	0	0	0	0	0	0	0	0	0	0	0	0	0	2	0	0	0	0	0	0	0	0	3	1	0	1	1	0	0	2	0	1	1	0	0	1	0	0	0
YHR010W	2	2	0	0	3	0	0	1	0	0	4	1	0	6	2	2	0	0	0	0	1	1	4	5	6	3	6	18	7	11	19	16	26	25	50	69	7	28	74	2	10	17	0	1	1	0	0	0
YDR508C	0	0	0	0	0	0	0	0	0	0	0	0	0	0	0	0	0	0	0	0	0	0	0	0	0	0	0	1	1	0	5	1	2	4	3	2	1	16	3	2	12	0	1	0	0	0	0	0
YER056C	0	0	0	0	1	0	0	2	0	0	0	0	0	1	0	1	0	0	0	0	0	0	0	1	3	2	1	1	3	6	9	5	11	11	16	27	8	14	18	6	19	4	10	4	0	2	0	2
YML063W	10	7	3	11	17	7	11	17	11	4	13	6	10	23	7	22	12	17	23	26	23	39	30	18	102	40	46	201	70	235	361	381	577	625	765	996	370	1159	1068	405	880	225	261	156	38	27	14	11
YAL035W	0	0	0	0	2	0	0	1	0	0	0	0	0	0	0	0	0	0	0	0	0	0	0	0	0	0	1	0	0	3	0	0	0	0	0	3	0	0	5	0	0	0	0	0	0	0	0	0
YFR053C	0	0	2	0	0	0	0	0	0	0	0	0	0	1	0	0	0	0	0	1	0	0	0	0	0	0	0	0	0	0	0	0	3	0	0	0	0	0	1	0	0	0	0	0	0	0	0	0
YDR001C	0	0	0	0	0	0	0	0	0	0	0	0	0	0	0	0	0	0	0	0	0	0	0	0	0	0	0	0	0	0	0	0	2	0	0	0	0	0	0	0	0	0	0	0	0	0	0	0
YDR060W	0	0	1	0	0	0	0	0	0	0	0	0	0	0	0	0	0	0	0	0	0	0	0	0	0	0	0	0	0	0	0	0	0	0	0	0	0	0	0	0	0	0	0	0	0	0	0	0
YKR048C	0	0	0	0	0	1	0	0	0	0	0	0	0	0	0	0	0	0	0	0	0	0	0	0	0	0	0	0	0	0	0	0	0	0	0	0	0	0	0	0	0	0	0	0	0	0	0	0
YCR089W	0	0	0	0	0	0	0	0	0	0	0	0	0	0	0	0	0	0	0	0	0	0	0	0	0	0	0	0	0	0	0	0	0	2	4	2	0	2	0	0	0	0	0	2	0	0	0	0
YKR013W	0	0	0	0	0	0	0	0	0	0	0	0	0	0	0	0	0	0	0	0	0	0	0	0	0	0	0	0	0	0	0	0	1	0	0	2	0	0	0	0	0	0	0	0	0	0	0	0
YHR135C	0	0	0	0	0	0	0	0	0	0	0	0	0	0	0	0	0	0	0	0	0	0	0	0	0	0	0	0	0	0	0	0	0	0	2	0	0	0	0	0	0	1	0	0	0	0	0	0
YDR543C	0	0	0	0	0	0	0	0	0	0	0	0	0	0	0	0	0	0	0	0	0	0	0	0	0	0	0	0	0	0	0	0	0	0	0	0	0	0	0	1	0	0	0	0	0	0	0	0
YBR001C	0	0	0	0	0	0	0	0	0	0	0	0	0	0	0	0	0	0	0	0	0	0	0	0	0	0	0	0	0	0	0	0	2	0	0	0	0	0	0	0	0	0	0	0	0	0	0	0
YMR011W	0	0	0	0	0	2	0	0	0	0	0	0	0	0	0	0	0	0	0	0	1	0	0	0	0	0	0	2	0	0	0	0	1	1	0	2	0	1	0	0	0	0	0	2	0	0	3	2
YER060W-A	0	0	0	0	1	0	0	2	0	0	0	0	0	1	0	1	0	0	0	0	0	0	0	1	3	2	1	1	3	6	11	5	10	11	16	27	8	14	18	6	19	4	10	4	0	2	0	2
YOR317W	0	0	0	0	0	0	0	0	0	0	0	0	0	0	0	0	0	0	0	0	0	0	0	0	0	0	0	0	0	0	0	0	1	0	0	0	0	0	0	0	0	0	0	0	0	0	0	0
YBR181C	23	28	33	30	61	43	36	58	68	40	96	77	47	110	40	91	60	68	80	108	114	197	197	172	626	287	307	1723	508	2087	3336	2917	5555	4735	6877	8807	3209	9230	7642	3180	8200	1830	1961	1482	404	357	129	194
YOR167C	1	0	1	0	2	2	2	2	3	0	1	3	1	0	1	2	0	1	1	0	1	5	7	5	12	1	4	29	3	84	84	4	82	60	25	14	58	18	31	22	32	7	50	0	1	3	0	2
YLR328W	0	0	0	0	0	0	0	0	0	0	0	0	0	0	0	1	0	0	0	0	0	0	0	0	0	0	0	0	0	0	0	0	0	0	0	0	0	0	0	0	0	0	0	0	0	0	0	0
YOR383C	0	0	0	0	0	0	0	0	0	0	2	0	0	0	2	6	0	0	0	0	0	2	2	0	0	2	0	10	4	6	4	14	6	6	16	8	10	16	20	2	18	6	6	16	0	2	0	0
