YOR389W	0	0	0	0	0	0	0	0	0	1	0	1	2	0	1	5	2	2	3	1	9	5	16	4	95	19	6	61	8	69	21	3	34	1	7	7	0	3	0	0	0	0	0	0	0	0	0	0
YMR323W	2	0	0	0	0	0	0	0	0	0	0	0	0	0	0	0	0	1	0	1	0	0	2	0	13	1	0	2	0	9	0	0	1	0	0	0	0	0	0	0	0	0	0	0	0	0	0	0
YLR197W	0	0	0	0	0	0	0	0	0	0	0	0	0	0	0	0	0	0	1	0	0	0	0	0	1	0	0	0	0	0	0	1	0	0	0	0	0	0	0	0	0	0	0	0	0	0	0	0
YIL156W	0	0	0	0	0	0	1	0	0	0	0	0	0	0	0	1	0	0	0	0	0	0	0	0	0	0	0	0	0	0	0	0	0	0	0	0	0	0	0	0	0	0	0	0	0	0	0	0
YIL176C	0	0	0	0	0	0	0	0	0	0	0	0	1	0	1	0	0	0	0	0	0	0	1	0	8	0	0	1	1	3	1	1	2	0	0	1	0	0	0	0	0	0	0	0	0	0	0	0
YMR205C	0	0	0	0	0	0	0	0	0	0	0	0	0	0	2	0	0	0	0	0	0	0	0	0	0	0	0	0	0	0	0	0	0	0	0	0	0	0	0	0	0	0	0	0	0	0	0	0
YGR148C	1	0	1	0	1	0	15	1	1	7	1	7	55	69	28	341	43	34	150	60	152	279	978	117	6786	331	179	2121	225	3233	885	372	881	32	53	139	5	11	2	0	0	0	0	0	0	0	0	0
YKR059W	7	1	9	8	14	6	44	9	8	64	25	71	237	352	117	1385	291	250	1033	328	1119	2174	4227	675	38236	2192	1482	16860	1348	21149	7692	1982	7841	532	497	1962	16	103	49	7	0	2	0	0	0	0	0	0
YER131W	1	0	1	0	1	0	7	2	0	3	0	1	13	11	5	69	9	7	43	9	41	35	202	17	2068	86	23	658	54	682	291	85	169	15	15	58	1	2	0	1	0	0	0	0	0	0	0	0
YPL249C-A	2	0	0	1	3	0	4	2	0	11	3	2	27	22	10	187	21	39	157	58	127	458	576	89	7290	322	327	3565	343	3421	2593	1356	1005	73	332	465	5	220	6	0	0	0	1	1	0	0	1	0
YDR406W	0	0	0	0	0	0	0	0	0	0	0	0	0	1	1	0	0	0	0	0	1	0	0	0	0	0	0	0	0	0	0	0	0	0	0	0	0	0	0	0	0	0	0	0	0	0	0	0
YML017W	0	0	0	0	0	0	0	0	0	0	0	0	0	0	0	3	0	0	0	0	0	0	0	0	1	0	0	0	0	0	0	1	0	2	0	0	0	0	0	0	0	0	0	0	0	0	0	0
YHR077C	0	0	0	0	0	0	0	0	0	0	0	0	0	0	0	0	0	0	0	0	0	0	0	0	3	0	0	0	0	0	0	0	0	0	0	0	0	0	0	0	0	0	0	0	0	0	0	0
YBR135W	0	0	0	0	0	0	0	0	0	0	1	0	0	8	0	3	4	0	3	3	3	4	23	3	75	10	2	32	1	63	9	4	16	0	0	7	0	0	0	0	0	0	0	0	0	0	0	0
YLR233C	0	0	0	0	0	0	0	0	0	0	0	0	0	0	0	0	0	0	0	0	0	0	0	0	0	0	0	1	0	1	1	0	0	0	0	1	0	0	0	0	0	0	0	0	0	0	0	0
YKL224C	0	0	0	0	0	0	0	0	0	0	0	0	0	0	0	0	0	0	0	0	0	1	3	0	15	1	0	8	1	3	3	0	1	0	0	0	0	0	0	0	0	0	0	0	0	0	0	0
YLR048W	0	1	1	1	0	3	11	1	0	25	3	45	36	37	45	214	48	33	112	35	182	200	514	118	4537	264	100	1822	107	2021	504	94	678	39	48	89	2	3	2	0	0	0	0	0	0	0	0	0
YHR092C	0	0	0	0	0	0	0	0	0	6	0	2	11	17	10	54	25	10	57	8	38	34	107	21	852	71	26	843	26	523	152	31	756	16	16	42	0	1	0	0	0	0	0	0	0	0	0	0
YPR145W	0	0	1	1	0	0	1	1	0	0	0	3	5	34	2	56	5	3	29	43	45	111	225	21	1622	90	87	661	63	1018	300	144	213	13	15	73	1	6	0	0	0	1	0	0	0	0	0	0
YGL201C	0	0	0	0	0	0	0	0	0	0	0	0	0	0	0	0	0	0	0	0	0	1	2	0	18	4	0	4	2	3	4	0	2	0	1	0	0	0	0	0	0	0	0	0	0	0	0	0
YDR099W	1	0	0	0	5	0	1	2	0	10	10	4	7	108	5	77	133	8	47	34	43	34	205	20	627	148	60	480	42	523	106	44	233	18	14	64	4	2	6	1	0	0	0	0	0	0	0	0
YGR256W	0	0	0	0	0	0	0	0	0	0	0	0	0	0	0	0	0	0	0	0	0	0	0	1	1	0	0	1	0	8	0	0	3	0	0	1	0	0	0	0	0	0	0	0	0	0	0	0
YLR467C-A	0	0	0	0	0	0	0	0	0	0	0	0	0	0	0	0	1	0	0	0	0	0	0	0	0	0	0	0	0	0	0	0	0	0	0	0	0	0	0	0	0	0	0	0	0	0	0	0
YBL027W	1	1	3	2	1	1	9	2	0	20	1	14	43	36	31	271	29	41	252	50	246	354	1141	147	10360	498	292	3699	293	5925	1315	237	1362	79	50	299	1	4	14	3	0	0	0	0	0	0	0	0
YKL096W-A	0	1	0	0	1	0	0	0	0	0	5	0	1	33	0	0	12	0	0	0	0	0	0	0	1	1	0	0	0	2	1	0	0	0	0	0	0	0	0	0	0	0	0	0	0	0	0	0
YFL010C	0	0	0	0	0	0	0	0	0	0	0	0	0	0	0	0	0	0	0	0	0	0	0	0	0	0	0	0	0	0	0	0	0	0	0	0	0	2	0	0	0	0	0	0	0	0	0	0
YNL208W	0	0	0	0	0	0	0	0	0	0	0	0	0	2	0	8	2	0	4	2	6	12	14	4	182	12	0	52	0	4	2	0	4	0	0	2	0	0	0	0	0	0	0	0	0	0	0	0
YFR019W	0	0	0	2	0	0	0	0	0	0	0	0	0	0	0	2	0	0	0	0	0	1	0	0	3	0	0	1	0	0	3	1	0	0	0	0	0	0	0	0	0	0	0	0	0	0	0	0
YOR309C	0	0	0	0	0	0	0	0	0	0	0	2	0	0	2	1	0	4	0	1	2	1	1	1	0	0	11	1	4	1	1	1	1	0	0	0	0	0	0	0	0	0	0	0	0	0	0	0
YMR227C	0	0	0	0	0	0	0	0	0	0	0	0	0	0	0	1	0	0	0	0	0	0	0	0	1	0	0	0	0	0	0	0	0	0	0	0	0	0	0	0	0	0	0	0	0	0	0	0
YPL277C	0	0	0	0	0	0	0	0	0	1	0	1	1	0	1	2	1	1	2	1	7	3	12	5	66	19	4	50	5	51	13	1	25	1	7	4	0	1	0	0	0	0	0	0	0	0	0	0
YAL063C	0	0	0	0	0	0	0	0	0	0	0	0	1	0	0	0	0	2	2	0	0	0	4	4	15	2	4	4	8	5	1	5	4	1	0	1	0	0	0	0	0	0	0	0	0	0	0	0
YHR117W	0	0	0	0	0	0	0	0	1	0	0	0	0	0	0	0	0	0	0	0	0	0	0	0	0	0	0	0	0	0	0	0	0	0	0	0	0	0	0	0	0	0	0	0	0	0	0	0
YDR026C	0	0	0	0	0	0	0	0	0	0	0	0	0	0	0	0	0	0	0	0	0	0	0	0	0	0	0	0	0	1	0	0	0	0	0	0	0	0	0	0	0	0	0	0	0	0	0	0
YPL274W	0	0	0	0	0	0	0	0	0	0	0	0	0	0	0	2	1	0	1	0	0	0	1	0	0	0	0	0	0	0	0	0	0	0	0	0	0	0	0	0	0	0	0	0	0	0	0	0
YPL258C	0	0	0	0	0	0	0	0	0	0	0	0	0	0	0	0	0	0	0	0	1	0	0	0	0	0	0	0	0	0	0	0	0	0	0	0	0	0	0	0	0	0	0	0	0	0	0	0
YJL219W	0	0	0	0	0	0	0	0	0	0	0	0	2	0	0	0	0	1	0	0	0	0	0	0	7	2	0	0	1	1	1	0	1	0	0	0	0	0	0	0	0	0	0	0	0	0	0	0
YDL246C	0	0	0	0	0	0	0	0	0	0	0	0	0	0	0	1	0	0	0	1	0	0	3	2	10	28	2	15	12	9	4	6	2	0	1	2	0	0	0	0	0	0	0	0	0	0	0	0
YDR033W	0	0	0	0	0	0	0	0	0	3	0	2	15	0	1	26	0	4	5	5	6	22	9	1	77	11	3	61	6	7	29	0	1	0	0	3	0	0	0	0	0	0	0	0	0	0	0	0
YER081W	0	0	0	0	0	0	0	0	0	0	0	2	0	4	3	6	4	1	4	1	13	8	29	3	226	28	10	94	7	109	25	8	60	5	5	13	0	1	0	0	0	0	0	0	0	0	0	0
YLR278C	0	0	0	0	0	0	0	0	0	0	0	0	0	0	0	2	0	0	0	0	0	0	0	0	1	0	0	0	0	0	0	0	0	0	0	0	0	0	0	0	0	0	0	0	0	0	0	0
YER070W	0	0	0	0	0	0	0	0	0	0	0	0	0	1	0	2	0	0	7	0	2	0	4	2	24	7	0	47	0	43	14	1	20	0	2	0	0	0	0	0	0	0	0	0	0	0	0	0
YPL036W	3	1	6	3	1	3	13	0	0	15	6	24	62	34	34	518	44	70	330	58	254	319	685	161	6390	367	206	2634	220	4409	928	397	807	39	28	198	0	4	2	0	0	0	0	0	0	0	0	0
YCL069W	0	0	0	0	0	0	0	0	0	0	0	0	0	0	0	0	0	1	1	0	0	0	1	0	0	0	0	1	0	2	1	0	2	0	0	0	0	0	0	0	0	0	0	0	0	0	0	0
YDR450W	2	0	3	1	0	2	17	1	3	15	10	14	61	127	32	474	77	50	276	111	235	460	1397	122	9589	599	224	3549	334	3951	1273	556	1246	80	115	214	3	9	19	0	0	1	0	0	1	0	0	0
YOR312C	1	0	1	6	0	0	13	0	0	15	8	21	152	77	36	766	59	65	259	135	280	844	1593	109	11286	645	223	4102	539	3434	2105	493	856	174	82	257	6	19	6	0	0	0	0	0	0	0	0	0
YJL113W	0	0	0	0	0	0	0	0	0	0	0	0	0	0	0	1	0	3	3	1	1	1	4	0	21	3	5	9	1	16	6	0	4	3	0	1	0	0	0	0	0	0	0	0	0	0	0	0
YGL028C	0	0	0	0	0	0	0	0	0	0	0	0	0	2	0	2	0	0	0	0	0	0	2	0	32	0	0	2	4	12	10	0	6	0	0	0	0	0	0	0	0	0	0	0	0	0	0	0
YGL227W	0	0	0	0	0	0	0	0	0	0	0	0	0	0	0	0	1	0	0	0	0	0	3	0	29	1	0	3	0	10	1	3	0	1	0	0	0	0	0	0	0	0	0	0	0	0	0	0
YIL018W	2	0	5	3	18	8	24	12	1	34	16	64	130	225	142	1009	260	172	717	252	1036	913	3247	596	25385	1996	737	13858	884	14238	4471	1572	5828	445	533	1230	11	54	40	0	3	3	0	0	1	0	0	1
YIL074C	0	0	0	0	0	0	0	0	0	0	0	2	0	4	3	6	4	1	4	1	13	8	29	3	226	28	10	94	7	109	25	8	60	5	5	13	0	1	0	0	0	0	0	0	0	0	0	0
YKR045C	0	0	0	0	0	0	0	0	0	0	0	0	0	0	0	0	1	0	0	0	0	0	0	0	0	0	0	0	0	0	0	0	0	0	0	0	0	0	0	0	0	0	0	0	0	0	0	0
YOL144W	0	0	0	0	0	0	0	0	0	0	0	0	0	1	0	1	0	0	0	0	0	0	0	1	2	0	0	0	0	0	0	1	0	0	0	0	0	0	0	0	0	0	0	0	0	0	0	0
YGL237C	0	0	0	0	0	0	0	0	0	0	0	0	0	0	0	0	1	0	0	0	2	0	0	0	1	1	0	1	0	2	0	0	2	0	0	0	0	0	0	0	0	0	0	0	0	0	0	0
YFL067W	0	0	0	0	0	0	0	0	0	0	0	0	0	0	0	0	0	0	0	1	0	0	0	0	0	0	0	0	0	0	0	0	0	0	0	0	0	0	0	0	0	0	0	0	0	0	0	0
YDR073W	0	0	0	0	0	0	0	0	0	0	0	0	0	0	0	0	0	0	0	0	0	0	11	2	36	0	0	2	4	14	6	0	6	2	0	0	0	0	0	0	0	0	0	0	0	0	0	0
YLR361C-A	0	0	0	0	0	0	0	0	0	0	0	0	0	0	0	1	0	0	0	0	0	0	0	0	0	1	0	0	0	0	0	0	0	0	0	0	0	0	0	0	0	0	0	0	0	0	0	0
YOL156W	0	0	0	0	0	0	0	0	0	0	0	0	2	0	0	0	0	1	0	0	0	0	0	0	12	3	1	4	1	2	1	1	2	0	0	0	0	0	0	0	0	0	0	0	0	0	0	0
YJR030C	0	0	0	0	0	0	0	0	0	0	0	0	0	0	0	0	0	1	0	0	0	0	0	0	0	0	0	1	0	0	0	0	0	0	0	0	0	0	0	0	0	0	0	0	0	0	0	0
YDR299W	0	0	0	0	0	0	0	0	0	0	0	0	0	0	0	0	0	0	0	0	0	0	1	0	1	0	0	0	0	1	0	0	0	0	0	0	0	0	0	0	0	0	0	0	0	0	0	0
YBR297W	0	0	0	0	0	0	0	0	0	0	0	0	0	0	0	0	0	0	0	0	0	0	0	0	9	0	0	6	2	2	2	0	1	0	1	0	0	0	0	0	0	0	0	0	0	0	0	0
YDR278C	6	0	2	2	0	7	35	5	1	462	6	25	14	28	318	18	352	14	92	73	25	97	75	143	190	629	159	578	1434	165	69	1874	433	43	8367	61	210	246	18	5	0	5	0	3	0	0	2	0
YKL156W	0	0	0	0	0	0	0	0	0	0	0	0	0	0	0	1	0	0	0	0	1	0	0	0	0	0	0	0	0	1	0	0	0	0	0	0	0	0	0	0	0	0	0	0	0	0	0	0
YBR202W	0	0	0	0	0	0	0	0	0	0	0	0	0	0	0	0	0	0	0	0	0	1	2	0	18	4	0	4	2	3	4	0	2	0	1	0	0	0	0	0	0	0	0	0	0	0	0	0
YNR075W	0	0	0	0	0	0	0	0	0	0	0	0	0	0	0	0	0	0	0	0	0	0	0	1	5	0	0	1	0	4	1	0	0	0	0	0	0	0	0	0	0	0	0	0	0	0	0	0
YCR039C	0	0	0	0	0	0	0	0	0	0	0	0	0	0	1	1	6	0	8	4	2	7	4	8	32	52	9	54	37	15	22	11	16	13	0	1	0	0	0	0	0	0	0	0	0	0	0	0
YGR118W	4	1	0	3	6	0	14	1	1	17	4	19	59	44	27	449	52	67	235	68	471	634	1106	255	9834	604	366	4093	321	5279	1878	381	1571	115	79	436	9	13	5	1	0	1	0	0	0	0	0	0
YML085C	0	0	1	0	0	0	0	0	0	0	0	0	0	1	0	2	0	0	1	0	0	1	10	0	31	2	0	9	0	4	0	0	1	0	0	0	0	0	0	0	0	0	0	0	0	0	0	0
YLL067W-A	0	0	0	0	0	0	0	0	0	0	0	0	0	0	0	0	1	0	0	0	0	0	0	0	0	0	0	0	0	0	0	0	0	0	0	0	0	0	0	0	0	0	0	0	0	0	0	0
YOR185C	0	0	0	0	0	0	0	0	0	1	0	0	0	0	0	3	0	0	1	0	2	7	7	1	61	11	1	87	0	5	8	0	5	0	0	0	0	0	0	0	0	0	0	0	0	0	0	0
YLR175W	0	0	0	0	0	0	0	0	0	0	0	0	2	0	0	2	1	0	1	0	1	1	1	1	11	0	0	1	1	4	1	0	1	0	0	0	0	0	0	0	0	0	0	0	0	0	0	0
YOL120C	2	1	1	3	0	1	10	0	3	20	1	18	63	35	24	447	49	52	283	65	227	490	1066	178	9568	682	310	4925	285	6139	1395	456	2545	57	146	307	3	9	4	1	0	1	0	0	0	0	0	0
YOR133W	12	4	17	18	27	18	108	22	17	168	65	234	529	1097	409	3812	953	843	2567	1121	4072	6096	14309	2280	125173	7145	4594	52655	4325	72967	23131	7759	25625	1842	2037	6431	48	425	254	12	15	8	3	1	1	1	0	2
YGR279C	0	0	0	0	0	0	0	0	0	0	1	0	4	4	0	1	1	3	7	3	2	6	41	10	212	47	0	137	11	49	24	0	23	0	1	0	0	0	0	0	0	0	0	0	0	0	0	0
YMR143W	1	1	1	1	1	1	1	0	1	4	8	10	18	50	10	87	25	13	56	7	71	65	161	65	1783	101	80	918	45	1331	212	68	525	29	11	71	0	1	3	0	0	0	0	0	0	0	0	0
YCL067C	0	0	0	0	0	0	0	0	0	0	0	0	0	0	1	1	6	0	8	4	2	7	4	8	32	52	9	54	37	15	22	11	16	13	0	1	0	0	0	0	0	0	0	0	0	0	0	0
YIL059C	0	0	0	0	0	0	0	0	0	0	0	0	0	0	0	0	0	0	0	0	0	1	0	0	2	0	0	0	0	3	1	0	0	0	0	0	0	0	0	0	0	0	0	0	0	0	0	0
YOR192C	0	0	0	0	0	0	0	0	0	0	0	0	0	0	0	2	2	0	1	1	1	2	8	0	66	1	0	20	0	16	7	0	8	1	1	3	0	0	0	0	0	0	0	0	0	0	0	0
YAL068W-A	0	0	0	0	0	0	0	0	0	0	0	0	0	0	0	0	0	0	0	0	0	2	0	0	0	0	0	0	0	1	0	0	0	0	0	0	0	0	0	0	0	0	0	0	0	0	0	0
YMR043W	0	0	0	0	0	0	0	0	0	0	0	0	0	6	0	2	1	0	2	1	3	2	5	3	16	1	1	1	0	17	0	2	3	0	0	3	0	0	0	0	0	0	0	0	0	0	0	0
YMR251W-A	0	0	0	0	0	0	0	0	0	0	0	0	0	0	1	0	0	0	0	0	0	0	0	0	0	0	0	0	0	0	0	0	0	0	0	0	0	0	0	0	0	0	0	0	0	0	0	0
YGR249W	0	0	0	0	0	0	1	0	0	0	0	0	0	0	0	0	0	0	0	0	0	0	0	0	0	0	0	0	0	0	0	0	0	0	0	0	0	0	0	0	0	0	0	0	0	0	0	0
YGR295C	0	0	0	0	0	0	2	0	1	6	0	8	13	22	26	60	71	36	47	48	98	85	213	104	1465	130	98	821	86	1004	271	92	514	22	28	103	5	3	3	0	0	0	0	0	0	0	0	0
YER103W	0	0	0	0	0	0	0	0	0	0	0	0	1	0	0	0	0	0	0	0	0	0	0	0	1	0	0	0	0	1	0	0	1	0	0	0	0	0	0	0	0	0	0	0	0	0	0	0
YFL060C	0	0	0	1	0	0	1	0	0	0	0	0	1	0	0	0	1	0	1	1	2	2	5	1	19	6	4	23	2	10	5	9	12	0	0	4	0	0	0	0	0	0	0	0	0	0	0	0
YDR173C	0	0	0	0	0	0	0	0	0	0	0	0	0	0	0	1	0	0	0	0	1	0	1	0	0	0	0	0	0	1	0	0	1	0	0	0	0	0	0	0	0	0	0	0	0	0	0	0
YNL014W	0	0	0	0	0	0	1	0	0	3	0	2	2	5	2	48	4	4	13	4	5	40	50	13	597	20	21	285	18	419	123	18	187	3	5	35	0	1	0	0	0	0	0	0	0	0	0	0
YGL122C	0	0	0	0	8	0	0	1	0	0	25	8	0	33	0	0	28	0	16	28	8	7	114	14	396	126	29	259	77	421	182	84	185	0	59	65	0	0	0	0	0	0	0	0	0	0	0	0
YHR141C	0	0	3	2	4	1	30	11	0	27	12	26	102	218	38	572	249	75	286	176	336	701	1850	225	12180	1112	440	5743	549	7048	2310	817	2860	163	215	542	8	25	11	1	1	2	0	0	0	0	0	0
YEL073C	0	0	0	0	0	0	0	0	0	0	0	0	0	0	2	3	0	0	1	2	3	5	18	1	70	8	6	49	2	25	28	2	12	0	1	8	0	0	0	0	0	0	0	0	0	0	0	0
YKL006W	1	0	0	2	8	1	11	1	2	20	3	47	43	106	73	400	85	161	299	104	698	520	2013	398	14211	824	582	5263	597	10515	2728	888	2896	190	207	700	3	37	23	0	0	0	0	0	0	0	0	0
YLR448W	1	0	0	0	2	1	3	3	0	3	0	5	10	32	13	86	17	37	82	24	110	121	301	56	2218	129	162	997	71	1416	395	120	404	7	28	120	0	5	1	0	0	0	0	0	0	0	0	0
YGL147C	3	1	3	1	4	2	11	3	0	20	7	21	59	141	33	377	81	55	221	98	383	653	1216	176	10473	551	374	3560	336	4187	1617	763	1533	171	222	377	4	41	7	0	0	1	1	0	0	0	0	0
YMR305C	0	0	0	0	0	0	0	0	0	0	1	0	4	4	0	1	1	3	7	3	2	6	41	10	212	47	0	137	11	49	24	0	23	0	1	0	0	0	0	0	0	0	0	0	0	0	0	0
YBR150C	0	0	0	0	0	0	0	0	0	0	0	0	0	0	0	7	0	0	0	0	1	0	14	13	85	0	0	0	1	52	1	99	61	66	50	0	0	0	45	0	0	0	5	0	10	0	0	0
YDL136W	1	0	2	2	13	4	17	13	2	43	23	50	84	193	89	532	276	150	455	202	534	1109	2266	405	18096	1208	869	8377	718	11394	2974	1247	4673	184	365	815	7	40	13	0	0	0	0	0	0	0	0	0
YBR191W	5	0	1	2	3	0	14	3	0	36	1	24	57	135	26	401	98	58	315	136	258	462	1574	148	9639	587	276	3210	275	4489	1358	477	1600	87	160	262	4	14	3	1	0	0	0	0	0	0	0	0
YGR270W	0	0	0	0	0	0	0	0	0	0	0	0	0	0	0	0	0	0	0	0	1	0	0	0	0	0	0	0	0	0	0	0	0	0	0	0	0	0	0	0	0	0	0	0	0	0	0	0
YDL173W	0	0	0	0	0	0	0	0	0	0	0	0	1	0	0	0	0	0	0	1	0	0	0	0	0	0	0	0	0	0	0	0	0	0	0	0	0	0	0	0	0	0	0	0	0	0	0	0
YJR047C	1	0	0	1	1	3	5	0	2	7	2	11	17	35	18	110	25	29	83	27	113	113	513	64	2736	183	202	1059	132	2415	363	476	655	18	127	136	1	18	3	1	0	0	0	0	0	0	0	0
YMR006C	0	0	0	0	0	0	0	0	0	0	0	0	1	2	0	2	0	0	1	0	0	5	4	1	34	3	2	14	1	11	3	1	10	0	0	2	0	0	0	0	0	0	0	0	0	0	0	0
YKR105C	0	0	0	0	0	0	0	0	0	0	0	0	0	0	0	0	0	1	1	0	0	0	1	0	0	0	0	1	0	2	1	0	3	0	0	0	0	0	0	0	0	0	0	0	0	0	0	0
YGR023W	1	0	0	0	0	0	0	0	0	0	0	0	0	0	0	0	0	0	0	0	0	0	0	0	0	0	0	0	0	0	2	0	0	0	0	0	0	0	0	0	0	0	0	0	0	0	0	0
YGL053W	0	0	0	0	0	0	0	0	0	0	0	0	1	3	0	5	8	4	2	4	2	14	23	1	123	21	13	68	16	67	25	10	36	2	4	6	0	0	0	0	0	0	0	0	0	0	0	0
YLL066W-A	0	0	0	0	0	0	0	0	0	0	0	0	0	0	0	0	1	0	0	0	0	0	0	0	0	0	0	0	0	0	0	0	0	0	0	0	0	0	0	0	0	0	0	0	0	0	0	0
YLR029C	3	2	1	3	7	1	12	6	2	27	10	15	62	194	32	319	123	54	407	134	278	445	1316	152	9524	654	313	4184	363	6131	1643	550	2289	106	131	453	3	19	11	0	4	0	1	0	0	0	0	0
YIL172C	0	0	0	0	0	0	0	0	0	0	0	0	0	0	0	0	1	0	1	0	1	3	5	0	36	8	3	21	2	21	5	3	9	2	3	2	0	0	0	0	0	0	0	0	0	0	0	0
YDR385W	12	4	17	18	27	18	108	22	17	168	65	234	529	1097	409	3812	953	843	2567	1121	4072	6096	14309	2280	125173	7145	4594	52655	4325	72967	23131	7759	25625	1842	2037	6431	48	425	254	12	15	8	3	1	1	1	0	2
YFL063W	0	0	0	0	0	0	0	0	0	0	0	0	0	0	0	0	0	0	0	0	0	2	0	0	0	0	0	0	0	1	0	0	0	0	0	0	0	0	0	0	0	0	0	0	0	0	0	0
YEL049W	0	0	0	0	0	0	0	0	0	0	0	0	1	0	0	0	0	0	0	0	0	0	3	0	4	0	0	1	1	3	1	0	0	0	0	0	0	0	0	0	0	0	0	0	0	0	0	0
YEL017C-A	0	0	0	2	0	0	2	3	0	8	2	6	14	9	6	137	18	14	263	10	41	118	161	46	749	166	94	743	76	507	75	79	234	4	27	14	0	4	0	0	0	0	0	0	0	0	0	0
YIL133C	1	0	0	0	0	1	2	0	0	3	0	1	8	3	1	9	2	1	27	2	7	14	22	5	472	10	1	82	0	12	0	1	2	0	0	0	0	0	0	0	0	0	0	0	0	0	0	0
YOR391C	0	0	0	0	0	0	0	0	0	0	0	0	0	1	0	0	0	1	0	1	0	1	0	0	3	0	1	5	1	5	2	1	0	1	1	1	0	0	0	0	0	0	0	0	0	0	0	0
YDL245C	0	0	0	0	0	0	0	0	0	0	0	0	0	0	0	0	0	0	0	0	0	0	1	0	1	0	0	0	0	0	0	0	0	0	0	0	0	0	0	0	0	0	0	0	0	0	0	0
YIL069C	1	0	9	2	4	7	7	10	2	26	8	43	85	123	56	468	105	79	413	126	430	913	1743	294	17874	872	366	7480	448	8856	2533	1115	3287	231	251	561	4	18	21	1	0	0	0	0	0	0	0	0
YBR054W	0	0	0	0	0	0	0	0	0	3	0	2	15	0	1	26	0	4	5	5	6	22	9	1	77	11	3	61	6	7	29	0	1	0	0	3	0	0	0	0	0	0	0	0	0	0	0	0
YIL052C	2	0	3	3	1	4	13	1	1	43	12	12	94	63	18	338	44	28	140	47	178	188	1096	83	7641	534	110	2881	296	2193	1607	166	773	51	66	140	3	10	2	0	1	0	0	0	0	0	0	0
YEL007W	0	0	0	0	0	0	0	0	0	1	0	0	0	1	0	3	0	0	0	0	0	1	0	0	5	0	0	0	0	0	3	1	0	3	0	0	0	0	0	0	0	0	0	0	0	0	0	0
YNL067W	3	1	3	1	4	2	11	3	0	20	7	21	59	141	33	377	81	55	221	98	383	654	1213	178	10473	551	374	3560	336	4187	1618	762	1533	171	222	377	4	41	7	0	0	1	0	0	1	0	0	0
YKR057W	0	0	0	0	0	2	1	1	1	4	1	3	4	13	5	28	30	16	30	16	51	35	190	51	1055	119	24	804	48	589	178	87	578	16	70	54	1	0	0	0	0	0	0	0	0	0	0	0
YLR061W	0	0	0	1	1	0	0	0	0	0	0	5	0	2	1	1	1	0	3	0	24	0	1	5	1	0	0	0	0	0	0	0	0	0	0	0	0	0	0	0	0	0	0	0	0	0	0	0
YLR237W	0	0	0	0	0	0	0	0	0	0	0	0	0	0	0	0	1	1	2	0	1	3	7	2	63	1	0	18	0	19	10	0	16	1	1	3	0	0	0	0	0	0	0	0	0	0	0	0
YPL250W-A	0	0	0	0	0	0	0	0	0	0	0	0	0	0	0	0	0	0	0	0	0	0	0	0	0	0	0	1	0	0	1	0	0	0	0	0	0	0	0	0	0	0	0	0	0	0	0	0
YPR154W	0	0	0	0	1	0	0	0	0	0	0	0	0	0	0	0	0	0	0	0	0	0	0	0	0	0	0	1	0	1	0	0	0	0	0	0	0	0	0	0	0	0	0	0	0	0	0	0
YOL148C	0	0	0	0	0	0	0	0	0	1	0	0	0	0	0	0	0	0	0	0	0	0	0	0	0	0	0	0	0	0	0	0	0	0	0	0	0	0	0	0	0	0	0	0	0	0	0	0
YNL069C	1	0	0	0	0	1	2	0	0	3	0	1	8	3	1	9	2	1	27	2	7	14	22	5	472	10	1	82	0	12	0	1	2	0	0	0	0	0	0	0	0	0	0	0	0	0	0	0
YJL136C	0	0	0	0	0	2	1	1	1	4	1	3	4	13	5	28	30	16	31	16	50	35	190	51	1055	119	24	803	49	589	177	88	578	16	70	54	1	0	0	0	0	0	0	0	0	0	0	0
YKR042W	0	0	0	0	0	0	0	0	0	0	0	0	0	0	0	0	0	0	0	0	0	0	0	1	0	0	0	0	0	0	0	0	0	0	0	0	0	0	0	0	0	0	0	0	0	0	0	0
YNR052C	1	0	0	0	0	0	0	1	0	0	0	1	1	3	0	0	3	0	0	0	4	1	7	1	23	9	0	14	2	14	2	0	9	0	2	2	0	0	0	0	0	0	0	0	0	0	0	0
YDR312W	1	0	0	0	0	0	0	0	0	0	0	1	5	2	4	11	2	3	5	3	5	8	28	9	154	12	7	53	8	112	28	11	34	0	0	4	0	0	0	0	0	0	0	0	0	0	0	0
YGL078C	0	0	0	0	0	0	0	0	0	0	0	0	0	0	0	0	0	0	0	0	0	0	0	0	1	0	0	0	0	0	0	0	0	0	0	0	0	0	0	0	0	0	0	0	0	0	0	0
YPL184C	0	0	0	0	0	0	0	0	0	0	0	0	0	0	0	0	0	0	0	0	0	0	0	0	0	0	0	0	0	0	0	2	0	0	0	0	0	0	0	0	0	0	0	0	0	0	0	0
YDR145W	0	0	0	0	0	0	0	0	0	0	2	0	0	7	1	0	5	0	2	2	2	2	21	2	56	17	2	17	6	54	6	11	24	4	0	8	3	0	0	0	0	0	0	0	0	0	0	0
YFL009W	0	0	0	0	0	0	0	0	0	0	0	0	2	2	1	5	1	1	5	2	7	7	22	0	119	10	6	40	5	67	36	6	30	2	1	10	0	0	0	0	0	0	0	0	0	0	0	0
YNL019C	0	0	0	0	0	0	1	0	0	1	0	0	0	0	0	1	0	0	0	0	0	1	1	1	5	0	1	8	2	10	2	0	4	0	1	1	0	0	0	0	0	0	0	0	0	0	0	0
YOR329C	0	0	0	0	0	0	0	0	0	0	0	0	0	0	0	0	0	0	0	0	0	0	0	0	0	0	0	0	0	1	0	0	0	0	0	0	0	0	0	0	0	0	0	0	0	0	0	0
YJL129C	0	0	0	0	0	0	0	0	0	0	0	0	0	0	0	0	0	0	0	0	0	0	0	0	0	0	0	0	0	1	0	0	0	0	0	0	0	0	0	0	0	0	0	0	0	0	0	0
YCR097W-A	0	0	0	0	0	0	0	0	0	0	0	0	0	0	0	0	0	0	0	0	0	0	0	0	1	0	0	3	0	1	0	0	0	0	0	0	0	0	0	0	0	0	0	0	0	0	0	0
YFR024C-A	0	0	0	0	0	0	0	0	0	0	0	0	0	0	0	0	0	0	0	0	0	0	0	0	0	0	0	0	0	1	0	0	2	0	0	0	0	0	0	0	0	0	0	0	0	0	0	0
YHR203C	7	2	9	4	14	6	27	7	5	52	17	95	169	294	175	1089	360	264	751	309	2357	1796	4087	1232	31918	2169	1596	15423	1108	19773	5635	1544	7868	535	496	1766	20	64	108	3	5	0	0	0	0	0	0	0
YOR382W	0	0	0	0	0	0	0	0	0	0	0	0	0	0	0	0	0	0	0	0	0	0	0	0	1	0	0	0	0	0	0	0	0	0	0	0	0	0	0	0	0	0	0	0	0	0	0	0
YHR214C-B	13	4	32	10	21	22	104	47	24	214	80	363	492	1061	578	2739	920	907	1926	1007	3417	4175	8458	2282	60134	5258	3934	27403	3652	40351	13617	3864	16457	1269	1120	5174	56	216	136	3	6	2	5	1	0	0	0	0
YEL039C	0	0	0	0	0	0	0	0	0	0	0	0	0	0	0	0	0	0	0	0	2	2	1	4	23	2	3	5	1	19	1	0	6	0	0	2	0	0	0	0	0	0	0	0	0	0	0	0
YPL060C-A	0	0	0	0	0	0	0	0	0	0	0	0	0	0	0	2	0	2	4	1	1	0	6	0	37	7	6	20	6	19	11	1	5	3	0	1	0	0	0	0	0	0	0	0	0	0	0	0
YGL062W	1	2	1	0	1	0	4	0	0	7	3	11	15	22	20	91	33	26	92	40	122	171	388	69	2908	196	129	1291	122	1791	555	208	612	46	66	146	2	12	7	0	0	0	0	2	0	0	0	0
YLR461W	0	0	0	0	0	0	0	0	0	0	0	0	1	0	1	0	0	0	0	0	0	0	3	0	9	0	0	2	1	3	1	1	1	0	0	1	0	0	0	0	0	0	0	0	0	0	0	0
YIL082W	0	0	0	0	0	0	0	0	0	1	0	0	0	2	0	1	0	0	2	0	1	0	6	0	11	3	1	19	1	23	4	4	7	0	0	2	0	0	0	0	0	0	0	0	0	0	0	0
YOL054W	0	0	0	0	0	0	0	0	0	0	0	0	0	0	0	0	0	0	0	0	0	0	0	0	3	0	0	0	0	0	0	0	0	0	0	0	0	0	0	0	0	0	0	0	0	0	0	0
YNL186W	0	0	0	0	0	0	0	0	0	0	0	0	0	0	0	0	0	0	0	0	0	0	2	0	10	0	0	2	0	0	2	0	0	0	0	0	0	0	0	0	0	0	0	0	0	0	0	0
YAR031W	0	0	0	0	0	0	0	0	0	0	0	0	1	3	0	5	2	4	1	3	1	6	16	1	102	8	11	55	9	55	20	9	28	2	3	4	0	0	0	0	0	0	0	0	0	0	0	0
YDR077W	8	4	4	16	6	0	62	14	12	78	24	70	258	170	94	970	146	252	612	372	1120	1842	2316	460	18363	778	1170	5686	692	11547	3524	922	2900	518	162	1383	16	74	54	0	6	0	0	0	0	0	0	0
YIL115C	0	0	0	0	0	0	0	0	0	0	0	0	0	0	2	2	0	0	0	0	4	2	12	0	124	8	0	36	0	34	8	0	34	0	0	2	0	0	0	0	0	0	0	0	0	0	0	0
YGR095C	0	0	0	1	0	0	0	0	0	0	0	0	0	0	0	0	0	0	0	0	0	0	0	0	0	0	0	0	0	0	0	0	0	0	0	0	0	0	0	0	0	0	0	0	0	0	0	0
YPL229W	0	0	0	0	0	0	0	0	0	0	1	0	0	0	0	0	1	0	0	0	0	0	0	0	3	0	0	3	0	0	0	0	0	0	0	0	0	0	0	0	0	0	0	0	0	0	0	0
YBR189W	3	0	1	1	1	1	4	2	1	9	3	13	17	28	34	120	38	32	138	30	167	166	417	152	4768	253	149	2174	130	3040	738	193	940	41	51	121	2	1	1	0	0	0	0	0	0	0	0	0
YHR214C-C	12	3	27	8	14	12	86	45	17	165	68	277	412	849	447	2055	709	741	1449	795	2512	3259	6389	1760	45892	4182	3134	21312	2925	31262	10946	2964	13073	1006	907	4250	48	187	109	2	5	2	3	1	0	0	0	0
YHL020C	0	0	0	0	0	0	0	0	0	0	0	0	0	3	0	0	0	0	2	0	0	0	4	0	6	4	0	0	0	5	3	0	1	0	0	0	0	0	0	0	0	0	0	0	0	0	0	0
YIL009W	0	0	0	0	0	0	0	0	0	0	0	0	0	0	1	2	1	0	2	0	0	1	2	1	16	5	0	15	2	12	9	0	4	2	0	1	0	0	0	0	0	0	0	0	0	0	0	0
YDR289C	0	0	0	0	0	0	0	0	0	0	0	0	0	0	0	2	0	0	0	0	1	0	5	2	17	0	0	0	2	7	0	12	6	0	6	0	0	0	1	0	0	0	0	0	0	0	0	0
YNL190W	0	3	3	0	5	0	8	5	0	8	5	10	47	57	19	168	71	31	107	74	113	350	629	109	3490	419	170	1789	186	1680	859	229	597	42	114	176	0	26	8	0	2	0	0	0	0	0	0	0
YPL089C	0	0	0	1	0	0	0	0	0	0	1	0	2	0	0	0	0	0	0	1	0	0	1	0	3	0	1	0	2	2	0	1	0	0	0	0	0	0	0	0	0	0	0	0	0	0	0	0
YGL131C	0	0	0	0	0	0	0	0	0	0	0	1	0	0	0	0	0	0	0	0	0	0	0	0	0	0	0	0	0	0	0	0	0	0	0	0	0	0	0	0	0	0	0	0	0	0	0	0
YBR016W	0	0	0	0	0	0	0	0	0	0	0	0	0	0	0	0	2	0	0	0	0	0	0	0	0	0	0	0	0	0	0	0	0	0	0	0	0	0	0	0	0	0	0	0	0	0	0	0
YJR090C	0	0	0	0	0	0	1	0	0	0	0	0	6	0	0	5	0	0	0	4	1	6	0	0	0	3	2	1	9	0	0	5	0	0	0	0	0	1	0	0	0	0	0	0	0	0	0	0
YGR032W	0	0	0	0	0	1	0	0	0	1	0	2	3	4	1	20	3	2	18	1	9	20	12	9	193	10	6	119	1	90	12	3	36	1	0	6	0	0	0	0	0	0	0	0	0	0	0	0
YKR102W	0	0	0	0	0	0	0	0	0	0	0	0	0	0	0	0	0	0	0	0	0	0	0	0	0	0	0	0	0	0	2	0	0	0	0	0	0	0	0	0	0	0	0	0	0	0	0	0
YJR145C	7	2	9	4	14	6	27	7	5	52	17	95	169	294	175	1089	360	264	751	309	2357	1796	4087	1232	31918	2169	1596	15423	1108	19773	5635	1544	7868	535	496	1766	20	64	108	3	5	0	0	0	0	0	0	0
YLR342W	0	0	0	0	0	1	0	0	0	1	0	2	3	4	1	20	3	2	18	1	9	20	12	9	193	10	6	119	1	90	12	3	36	1	0	6	0	0	0	0	0	0	0	0	0	0	0	0
YML026C	2	0	3	1	0	2	17	1	3	15	10	14	61	127	32	473	78	50	274	113	235	458	1398	123	9541	645	226	3490	408	3936	1274	640	1161	86	114	209	2	10	19	0	1	0	0	0	1	0	0	0
YKL017C	0	0	0	0	0	0	0	0	0	0	0	0	0	0	0	0	0	0	0	0	1	0	0	0	0	0	0	0	0	0	0	0	0	0	0	0	0	0	0	0	0	0	0	0	0	0	0	0
YDR545C-A	0	0	0	0	0	0	0	0	0	0	0	0	0	0	0	0	1	0	0	0	0	0	0	0	0	0	0	0	0	0	0	0	0	0	0	0	0	0	0	0	0	0	0	0	0	0	0	0
YGL014W	0	0	0	0	0	0	0	0	0	1	0	0	0	2	0	3	0	0	0	0	0	0	0	0	1	0	0	0	1	1	1	0	0	2	0	0	0	0	0	0	0	0	0	0	0	0	0	0
YGR027C	7	1	0	0	0	5	1	0	0	3	2	1	11	5	3	39	11	6	14	4	27	58	50	9	767	42	11	215	14	278	80	38	79	8	6	9	0	0	0	0	0	0	0	0	0	0	0	0
YMR294W-A	0	0	0	0	0	0	0	0	0	0	0	1	0	0	0	0	0	0	0	0	0	0	0	0	0	0	0	0	0	0	0	0	0	0	0	0	0	0	0	0	0	0	0	0	0	0	0	0
YJR127C	0	0	0	0	0	0	0	0	0	0	2	0	0	0	1	0	3	0	0	1	0	0	1	1	0	0	0	2	0	0	0	1	1	0	0	0	0	0	0	0	0	0	0	0	0	0	0	0
YOL106W	0	0	0	0	0	0	0	0	0	0	0	0	0	0	0	1	0	0	0	0	1	1	0	5	0	1	0	2	0	0	0	0	0	0	0	0	0	0	0	0	0	0	0	0	0	0	0	0
YPL280W	0	0	0	0	0	0	0	0	0	0	0	0	0	1	0	0	0	1	0	1	0	1	0	0	4	0	1	5	1	7	2	1	0	1	1	1	0	0	0	0	0	0	0	0	0	0	0	0
YHR180W-A	0	0	0	0	2	0	0	0	0	0	13	2	0	15	0	3	0	0	0	1	2	1	2	0	1	4	2	0	56	1	0	82	0	0	1	0	0	0	0	0	0	0	0	0	0	0	0	0
YER177W	0	0	0	0	6	0	1	1	0	9	7	1	7	95	4	73	120	6	42	32	39	34	167	17	593	137	49	467	30	408	99	33	177	5	13	37	0	0	4	0	0	0	0	0	0	0	0	0
YBR244W	0	0	0	0	1	0	0	0	0	0	0	0	0	0	0	1	0	0	0	0	0	0	0	0	0	0	0	0	0	0	0	0	0	0	0	0	0	0	0	0	0	0	0	0	0	0	0	0
YDR500C	2	0	1	0	1	0	1	3	0	0	0	6	5	48	6	48	43	10	33	16	59	49	258	41	1338	198	51	832	85	931	242	105	364	17	61	72	1	6	3	0	0	1	0	0	0	0	0	0
YMR246W	0	0	0	0	0	0	0	0	0	0	0	0	0	0	1	2	1	0	2	0	0	1	2	1	16	5	0	15	2	13	9	0	4	2	0	1	0	0	0	0	0	0	0	0	0	0	0	0
YGL081W	0	0	0	0	0	0	0	0	0	0	0	0	0	0	0	0	0	0	0	0	0	0	1	0	0	0	0	0	0	0	0	0	0	0	0	0	0	0	0	0	0	0	0	0	0	0	0	0
YBR031W	3	0	5	11	7	5	40	13	10	68	20	71	258	396	159	1735	420	347	1174	453	1665	2250	6265	984	53458	3123	1565	24434	1774	31794	10848	2923	10850	961	697	2645	32	109	110	5	6	8	2	2	0	0	0	0
YLR466C-A	0	0	0	0	0	0	0	0	0	0	0	0	0	0	0	0	1	0	0	0	0	0	0	0	0	0	0	0	0	0	0	0	0	0	0	0	0	0	0	0	0	0	0	0	0	0	0	0
YLR037C	0	0	0	0	0	0	0	0	0	0	0	0	0	0	0	0	0	0	0	0	1	1	1	0	11	0	0	3	1	7	2	0	2	0	0	0	0	0	0	0	0	0	0	0	0	0	0	0
YMR290W-A	0	0	0	0	0	0	0	0	0	0	0	0	1	1	0	1	1	0	0	0	0	0	1	3	0	0	0	1	0	0	0	0	0	0	0	0	0	0	0	0	0	0	0	0	0	0	0	0
YDR497C	0	0	0	0	0	0	0	0	0	2	0	0	0	0	0	0	0	0	0	0	0	0	0	0	2	0	0	0	0	0	0	0	0	0	0	0	0	0	0	0	0	0	0	0	0	0	0	0
YBR009C	4	0	0	1	3	2	22	0	1	15	4	17	87	184	36	494	140	70	196	161	372	443	1271	228	9634	701	353	4530	320	6338	1498	415	1664	68	61	212	1	12	4	0	0	0	0	1	0	0	1	0
YLR167W	0	0	2	1	2	0	8	1	1	11	6	18	42	41	20	177	68	42	117	55	188	196	727	92	7264	509	196	3041	310	4702	1140	895	858	88	48	276	4	39	2	0	1	1	1	0	0	0	0	0
YLR293C	0	0	0	0	0	0	0	0	0	1	0	0	0	0	0	3	0	0	1	0	2	7	7	1	61	11	1	87	0	5	8	0	5	0	0	0	0	0	0	0	0	0	0	0	0	0	0	0
YLR228C	0	0	0	0	0	0	0	0	0	0	0	0	0	1	0	0	0	0	0	0	0	0	0	0	3	0	0	0	0	0	0	0	0	0	0	0	0	0	0	0	0	0	0	0	0	0	0	0
YOR372C	0	0	0	0	0	0	0	1	0	0	2	0	0	6	1	0	17	0	3	1	5	0	18	3	9	16	3	5	6	33	4	9	18	15	9	2	4	0	3	0	0	1	0	0	0	0	0	0
YDR025W	1	1	1	0	4	0	7	6	0	19	6	16	58	99	42	386	89	64	247	96	402	501	1129	208	7137	475	313	2988	224	3170	1055	398	1335	71	122	269	5	25	11	0	1	0	0	0	0	0	0	0
YBL085W	0	0	0	0	0	0	0	0	0	0	0	0	0	0	0	0	0	0	0	0	0	1	0	0	0	0	0	0	0	0	0	0	0	0	0	0	0	0	0	0	0	0	0	0	0	0	0	0
YOL020W	0	0	0	0	0	0	0	0	0	0	0	0	0	0	0	2	1	0	1	0	0	0	1	0	0	0	0	0	0	0	0	0	0	0	0	0	0	0	0	0	0	0	0	0	0	0	0	0
YIL109C	0	0	0	0	0	0	0	0	0	0	0	0	0	0	0	1	0	0	0	0	0	0	0	0	0	0	0	0	0	0	0	0	0	0	0	0	0	0	0	0	0	0	0	0	0	0	0	0
YBL030C	0	0	0	0	0	0	0	0	0	0	0	0	0	0	0	0	0	0	0	0	0	0	0	0	0	0	0	0	0	0	0	0	1	0	0	0	0	0	0	0	0	0	0	0	0	0	0	0
YHR212W-A	0	0	0	0	0	0	0	0	0	0	0	0	0	0	0	0	0	0	0	0	0	0	0	0	0	0	0	1	0	0	0	0	0	0	0	0	0	0	0	0	0	0	0	0	0	0	0	0
YIL082W-A	0	0	0	0	0	0	0	0	0	1	0	1	0	3	0	1	0	0	3	4	3	0	7	3	42	12	7	37	5	42	11	13	15	3	1	3	1	0	0	0	0	0	0	0	0	0	0	0
YJR159W	0	0	0	0	0	0	0	0	0	0	0	0	0	0	0	1	0	0	0	1	0	0	3	2	10	28	2	15	12	9	4	6	2	0	1	2	0	0	0	0	0	0	0	0	0	0	0	0
YLR388W	0	0	1	0	1	0	0	1	0	3	0	0	1	8	4	120	15	10	30	2	80	20	75	49	535	53	11	179	11	357	16	11	99	2	1	5	0	0	0	0	0	0	0	0	0	0	0	0
YPL220W	4	1	3	4	9	5	49	21	6	38	19	56	156	347	96	1135	405	218	739	270	1144	1529	3703	640	38088	1915	1131	14975	1273	22909	7659	3838	8542	552	855	1889	18	107	72	5	2	0	1	1	1	0	0	1
YOL011W	0	0	0	0	0	0	0	0	0	0	0	0	0	0	0	0	0	0	0	0	0	0	0	0	0	1	0	0	0	0	0	0	0	0	0	0	0	0	0	0	0	0	0	0	0	0	0	0
YDR445C	1	1	9	1	4	14	4	4	31	3	5	3	3	6	3	32	4	6	16	12	2	17	35	9	53	18	18	94	140	73	208	435	85	777	298	44	98	39	32	6	1	1	3	0	0	1	0	0
YJL191W	1	0	0	0	4	1	3	3	2	7	4	6	23	124	18	128	56	18	81	70	122	397	676	76	4566	300	199	2827	137	2398	991	239	618	63	65	158	5	8	9	0	0	0	0	0	0	0	0	0
YBL046W	0	0	0	0	0	0	0	0	0	0	0	0	0	0	0	0	0	0	0	0	0	0	0	0	0	0	0	0	0	1	0	0	0	0	0	0	0	0	0	0	0	0	0	0	0	0	0	0
YJL162C	0	0	0	0	0	0	0	0	0	0	0	0	0	0	0	0	1	0	0	0	1	0	0	1	0	0	0	0	0	0	0	0	0	0	0	0	0	0	0	0	0	0	0	0	0	0	0	0
YLR260W	0	0	0	0	0	0	0	0	0	0	0	0	0	0	0	4	0	0	0	0	0	0	0	0	4	0	0	0	0	0	0	2	0	0	0	0	0	0	0	0	0	0	0	0	0	0	0	0
YFL020C	0	0	0	0	0	0	0	0	0	0	0	0	0	0	0	0	0	0	0	0	0	0	0	0	7	0	1	4	0	4	3	2	2	0	0	0	0	0	0	0	0	0	0	0	0	0	0	0
YNR076W	0	0	0	0	0	0	0	0	0	0	0	0	1	0	1	0	0	0	0	0	0	0	3	0	8	0	0	1	0	4	1	1	1	0	0	1	0	0	0	0	0	0	0	0	0	0	0	0
YFR016C	0	0	0	0	2	0	0	0	0	0	0	0	4	3	0	6	2	0	5	0	7	10	28	8	235	4	4	40	0	113	17	17	34	2	1	2	1	0	0	0	0	0	0	0	0	0	0	0
YHR016C	0	0	0	0	0	0	0	0	0	0	0	0	0	0	0	0	0	0	0	0	0	0	0	0	0	0	0	0	0	1	0	0	2	0	0	0	0	0	0	0	0	0	0	0	0	0	0	0
YLR450W	0	0	0	0	0	0	0	0	0	0	0	0	0	0	0	0	0	0	0	0	0	0	0	0	0	0	0	0	0	0	1	0	0	0	0	0	0	0	0	0	0	0	0	0	0	0	0	0
YKL164C	1	0	8	2	16	2	19	6	6	38	26	33	89	447	87	597	301	180	322	454	668	753	3642	318	15274	950	598	4521	747	9257	2706	892	2653	257	139	1071	22	29	27	1	4	0	0	0	2	0	0	0
YIR043C	0	0	0	0	0	0	0	1	0	1	2	4	2	7	3	18	12	5	19	4	15	36	56	23	379	34	25	242	27	257	91	17	152	2	11	51	0	0	0	0	0	0	0	0	0	0	0	0
YHL033C	1	0	4	3	3	2	21	6	1	33	16	37	121	124	42	479	74	81	292	112	304	712	1010	213	11078	595	401	5191	288	5576	2006	527	2232	178	204	683	11	37	12	0	1	2	0	0	0	0	0	0
YDL081C	1	0	0	1	0	2	0	0	0	4	0	0	1	1	4	2	6	0	4	0	1	1	0	2	4	2	1	5	0	11	2	0	2	0	0	0	0	0	0	0	0	0	0	0	0	0	0	0
YDR155C	1	1	1	0	0	0	0	0	0	0	0	0	0	0	1	4	1	0	5	0	0	1	0	0	3	0	0	0	0	3	1	0	3	1	0	0	0	0	0	0	0	0	0	0	0	0	0	0
YNL268W	0	0	0	0	0	0	0	0	0	0	0	0	0	0	1	3	0	2	2	2	1	3	12	5	109	11	6	76	7	88	18	24	39	1	6	11	0	0	0	0	0	0	0	0	0	0	0	0
YGL181W	0	0	0	0	0	0	0	1	0	0	0	0	0	0	0	0	0	0	2	0	0	0	3	2	2	1	0	1	0	5	1	3	1	0	4	0	0	0	0	0	0	0	0	0	0	0	0	0
YKL032C	0	0	0	0	1	0	0	0	0	0	0	0	0	9	1	1	3	0	0	1	3	0	11	6	11	10	0	6	0	23	0	2	10	1	0	0	0	0	0	0	0	0	0	0	0	0	0	0
YOL068C	0	0	0	0	0	0	0	0	0	0	0	0	0	0	0	0	0	0	0	0	0	0	2	0	0	0	0	0	0	0	0	0	0	0	0	0	0	0	0	0	0	0	0	0	0	0	0	0
YGL013C	0	0	0	0	0	0	1	0	0	0	0	0	6	0	0	4	0	0	1	0	0	0	1	0	4	0	0	1	0	1	1	0	1	0	0	0	0	0	0	0	0	0	0	0	0	0	0	0
YMR070W	0	0	0	0	0	0	1	0	0	0	0	0	0	0	0	0	0	0	0	0	1	0	0	0	1	0	0	0	0	0	0	0	0	0	0	0	0	0	0	0	0	0	0	0	0	0	0	0
YJR162C	0	0	0	0	0	0	0	0	0	0	0	0	0	0	0	0	0	0	0	0	0	1	0	0	0	0	0	0	0	1	0	0	0	0	0	0	0	0	0	0	0	0	0	0	0	0	0	0
YLL043W	0	0	0	0	0	0	0	0	0	1	0	0	0	2	0	0	0	0	0	0	0	0	0	0	3	0	0	2	0	2	0	0	0	0	0	0	0	0	0	0	0	0	0	0	0	0	0	0
YFL021W	0	0	0	1	0	0	0	0	0	0	0	0	0	0	0	0	0	0	0	0	0	0	0	0	0	0	0	0	0	0	0	0	0	0	0	0	0	0	0	0	0	0	0	0	0	0	0	0
YPL009C	0	0	0	0	0	0	1	0	0	0	0	0	7	1	0	18	0	0	7	0	2	0	3	0	284	1	0	17	0	78	7	64	0	62	1	0	1	0	15	0	0	0	0	0	0	0	0	0
YHL050W-A	0	0	0	0	0	0	0	0	0	0	0	0	0	0	0	0	1	0	0	0	0	0	0	0	0	0	0	0	0	0	0	0	0	0	0	0	0	0	0	0	0	0	0	0	0	0	0	0
YBR301W	0	0	0	0	0	0	0	0	0	0	0	0	1	0	1	0	0	0	0	0	0	0	0	0	9	0	0	1	1	2	1	1	1	0	0	0	0	0	1	0	0	0	0	0	0	0	0	0
YBR084C-A	1	1	3	2	1	1	9	2	0	20	1	14	43	37	30	271	29	41	253	50	245	353	1141	148	10361	498	291	3699	293	5925	1314	239	1361	79	50	299	1	4	14	2	1	0	0	0	0	0	0	0
YAR042W	0	0	0	1	0	0	0	0	0	0	0	0	0	0	0	0	0	0	0	0	0	0	0	0	0	0	0	0	0	0	0	0	0	2	0	0	0	0	0	0	0	0	0	0	0	0	0	0
YJL221C	0	0	0	0	0	0	0	0	0	0	0	0	0	0	0	0	1	0	1	0	1	3	5	0	36	8	3	21	2	21	5	3	9	2	3	2	0	0	0	0	0	0	0	0	0	0	0	0
YNL335W	0	0	0	0	0	0	0	0	0	0	0	0	0	0	0	2	0	0	0	0	0	0	0	0	5	0	0	1	0	7	1	2	1	0	0	0	0	0	0	0	0	0	0	0	0	0	0	0
YJL225W-A	0	0	0	0	0	0	0	0	0	0	0	0	0	0	0	0	1	0	0	0	0	0	0	0	0	0	0	0	0	0	0	0	0	0	0	0	0	0	0	0	0	0	0	0	0	0	0	0
YHR217C	0	0	0	0	0	0	0	0	0	0	0	0	0	0	0	0	0	0	0	0	0	0	0	2	0	0	0	0	0	0	0	0	0	0	0	0	0	0	0	0	0	0	0	0	0	0	0	0
YBL007C	0	0	0	0	0	0	0	0	0	0	0	0	0	0	0	6	0	0	2	0	0	0	0	0	0	0	0	0	0	0	0	0	0	0	0	0	0	0	0	0	0	0	0	0	0	0	0	0
YJL214W	0	0	0	0	0	0	0	0	0	0	0	0	0	1	0	0	1	0	0	0	0	0	0	0	0	0	0	0	0	0	0	0	0	0	0	0	0	0	0	0	0	0	0	0	0	0	0	0
YIL105C	0	0	0	0	0	0	0	1	0	0	2	0	0	5	1	0	5	0	0	2	2	0	11	4	16	10	2	18	2	39	2	7	20	6	0	9	3	0	0	0	0	0	0	0	0	0	0	0
YKL162C-A	0	0	0	0	0	0	0	0	0	0	0	0	2	0	2	0	1	3	0	2	2	0	0	1	0	0	87	0	0	2	0	0	0	0	1	0	0	0	0	0	0	0	0	0	0	0	0	0
YGR292W	0	0	0	0	0	0	0	0	0	0	0	0	0	0	0	0	0	0	1	0	4	1	4	1	28	2	5	10	2	16	6	1	7	1	1	0	0	0	0	0	0	0	0	0	0	0	0	0
YOL105C	0	0	0	0	0	0	0	0	0	0	0	0	0	0	0	0	0	0	0	0	0	0	0	0	7	0	0	0	0	4	2	0	0	0	0	5	0	0	0	0	0	0	0	0	0	0	0	0
YMR142C	0	0	0	3	1	2	4	4	1	10	4	15	17	82	30	198	67	42	126	71	223	222	785	113	6687	274	131	2012	161	3236	935	283	1009	120	72	263	0	19	13	5	1	0	1	0	1	0	0	0
YBR212W	0	0	0	0	1	0	2	0	0	0	0	0	0	0	0	2	2	0	0	0	2	1	3	3	9	9	4	5	0	9	4	2	1	0	1	3	0	0	0	0	0	0	0	0	0	0	0	0
YBR112C	0	0	0	0	2	0	0	8	0	0	2	0	0	28	3	4	58	0	8	1	21	2	91	6	76	36	17	22	13	140	9	54	89	80	34	6	25	0	29	0	0	10	0	0	0	0	0	0
YDL182W	0	2	1	1	0	1	3	2	0	6	1	13	22	34	27	202	38	36	110	45	186	253	468	115	4225	228	191	1846	132	2320	740	217	855	69	52	230	1	10	5	0	0	1	0	0	0	0	0	0
YGR085C	8	0	5	4	7	2	15	9	2	31	22	52	141	285	64	724	140	149	462	214	627	1177	3327	388	22414	1316	856	9471	877	10911	3694	1156	3294	270	304	793	8	55	20	2	3	0	0	0	0	0	0	0
YNL031C	2	2	0	2	3	0	6	3	1	12	12	2	67	67	11	276	69	53	232	67	193	393	1006	116	7118	567	245	3661	327	4717	1602	602	2036	149	169	491	8	30	16	1	1	0	0	0	1	0	0	0
YIL169C	2	0	0	0	0	0	1	0	0	0	0	1	4	2	0	9	1	5	5	4	10	20	21	7	191	14	47	65	35	101	35	11	53	3	4	13	0	1	2	0	0	0	0	0	0	0	0	0
YDR225W	0	0	1	1	0	1	2	2	1	5	1	6	18	39	8	140	13	35	92	23	158	120	446	76	3914	132	86	1279	92	1843	492	121	519	38	20	140	0	3	1	0	0	0	0	0	0	0	0	0
YML034W	0	0	0	0	0	0	0	0	0	0	0	0	0	0	0	4	0	0	0	0	1	0	3	0	24	0	0	0	1	12	1	18	9	6	10	0	0	0	5	0	0	0	1	0	0	0	0	0
YCR031C	1	0	0	0	4	1	3	3	2	7	4	6	23	124	18	128	56	18	81	70	122	397	676	76	4565	301	199	2827	137	2398	991	239	618	63	65	158	5	8	9	0	0	0	0	0	0	0	0	0
YMR011W	0	0	0	0	0	0	0	0	0	0	0	1	3	0	0	2	3	3	6	2	13	4	16	1	58	4	0	41	1	6	9	2	12	0	0	2	0	0	0	0	0	0	0	0	0	0	0	0
YIR039C	0	0	0	0	0	0	0	0	0	0	0	0	0	0	0	0	0	0	0	1	0	0	0	0	11	1	0	1	0	3	2	1	3	0	0	1	0	0	0	0	0	0	0	0	0	0	0	0
YGR014W	0	0	0	0	3	0	0	0	3	0	0	2	0	13	5	8	4	4	2	3	25	18	73	26	328	40	11	143	16	240	63	2	63	7	2	35	0	0	0	0	0	0	0	0	0	0	0	0
YMR273C	0	0	0	0	0	0	0	1	0	0	0	0	0	2	0	0	3	0	0	0	2	0	4	0	0	0	0	0	0	0	0	0	0	0	0	0	0	0	0	0	0	0	0	0	0	0	0	0
YGL135W	4	1	3	4	9	5	49	21	6	38	19	56	156	347	96	1135	405	218	739	270	1144	1529	3703	640	38088	1915	1131	14975	1273	22909	7659	3838	8542	552	855	1889	18	107	72	5	2	0	1	1	1	0	0	1
YOR123C	0	0	0	0	0	0	0	0	0	0	0	0	0	0	0	0	0	0	0	0	1	0	0	0	0	0	0	0	0	0	0	0	0	0	0	0	0	0	0	0	0	0	0	0	0	0	0	0
YPR120C	0	0	0	0	0	0	0	0	0	0	0	0	1	0	1	0	0	0	0	0	0	0	0	0	0	0	0	0	0	0	0	0	0	0	0	0	0	0	0	0	0	0	0	0	0	0	0	0
YOL130W	0	0	0	0	0	0	0	0	0	0	0	0	0	0	0	0	0	0	1	0	2	0	1	0	5	1	0	3	0	1	2	0	1	0	0	0	0	0	0	0	0	0	0	0	0	0	0	0
YOL155C	2	0	0	0	0	0	1	0	0	0	0	1	5	6	3	10	2	11	13	1	38	26	57	14	502	26	25	229	19	315	106	19	125	20	7	46	0	6	4	0	0	0	0	0	0	0	0	0
YDL191W	1	0	2	2	13	4	17	13	2	43	23	50	84	193	89	532	276	150	455	202	534	1109	2266	405	18096	1208	869	8377	718	11394	2974	1247	4673	184	365	815	7	40	13	0	0	0	0	0	0	0	0	0
YJL123C	0	0	0	0	0	0	0	0	0	0	0	0	0	0	0	0	0	0	0	0	1	0	1	0	3	0	0	1	0	5	0	0	0	0	0	0	0	0	0	0	0	0	0	0	0	0	0	0
YOL138C	0	0	0	0	0	0	0	0	0	0	0	0	0	0	0	1	0	0	0	0	0	0	4	2	20	0	1	1	2	10	0	5	6	1	2	0	0	0	1	0	0	0	0	0	0	0	0	0
YHR066W	1	0	0	0	0	0	0	0	0	0	0	1	5	2	4	11	2	3	5	3	5	8	28	9	154	12	7	53	8	112	28	11	34	0	0	4	0	0	0	0	0	0	0	0	0	0	0	0
YER060W	0	0	0	0	0	0	0	0	0	1	0	0	0	1	0	0	1	0	1	0	0	1	3	0	21	2	0	4	1	13	0	0	6	0	0	1	0	0	0	0	0	0	0	0	0	0	0	0
YAL065C	0	0	0	0	0	0	0	0	0	0	0	0	0	0	0	0	0	1	1	0	0	0	1	2	10	1	1	1	1	0	0	2	1	1	0	0	0	0	0	0	0	0	0	0	0	0	0	0
YOR010C	0	0	0	0	0	0	0	0	0	0	0	0	1	1	1	1	1	0	3	0	1	0	5	0	64	2	1	22	0	35	9	3	8	0	1	2	0	0	0	0	0	0	0	0	0	0	0	0
YLR287C-A	1	0	1	1	0	2	7	0	1	10	6	12	21	34	15	121	24	26	142	39	177	380	390	110	4307	240	166	1866	158	1393	973	256	538	39	91	135	1	17	1	0	0	0	0	0	0	0	1	0
YMR164C	1	0	0	0	0	0	0	0	0	2	1	3	0	24	1	9	16	0	10	3	5	4	59	5	97	24	10	20	14	161	10	13	68	16	3	32	4	2	7	1	1	0	0	0	0	0	0	0
YOR388C	0	0	0	0	0	0	0	0	0	0	0	0	0	0	0	0	0	0	0	0	0	1	0	0	8	0	0	2	2	5	0	0	2	0	1	0	0	0	0	0	0	0	0	0	0	0	0	0
YCR104W	0	0	0	0	0	0	0	0	0	0	0	0	0	0	0	0	0	0	0	0	0	1	2	0	5	1	1	0	1	1	3	0	1	0	0	0	0	0	0	0	0	0	0	0	0	0	0	0
YMR322C	0	0	0	0	0	0	0	0	0	0	0	0	0	1	0	0	0	1	0	1	0	1	0	0	4	0	1	5	1	5	1	1	0	1	1	1	0	0	0	0	0	0	0	0	0	0	0	0
YDR040C	0	1	1	1	0	1	4	0	0	2	2	7	24	24	12	108	20	35	78	29	144	160	356	81	2956	174	147	1319	113	1898	621	151	635	46	49	168	2	4	7	0	1	0	0	0	0	0	0	0
YPL048W	0	0	0	0	0	0	0	0	0	1	0	1	2	1	1	14	2	5	17	2	5	28	20	6	457	7	0	113	0	84	11	6	75	2	5	4	0	0	0	0	0	0	0	0	0	0	0	0
YLL064C	0	0	0	0	0	0	0	0	0	0	0	0	1	0	1	0	0	0	0	0	0	0	3	0	8	0	0	1	0	4	1	1	1	0	0	1	0	0	0	0	0	0	0	0	0	0	0	0
YHR047C	0	0	0	0	0	0	0	0	0	0	0	0	0	0	0	0	0	0	0	0	2	0	0	0	1	0	0	0	0	0	0	0	0	0	0	0	0	0	0	0	0	0	0	0	0	0	0	0
YJL165C	0	0	0	0	0	0	0	1	0	0	0	0	0	0	0	0	0	0	0	0	0	0	0	0	0	0	0	0	0	0	0	0	0	0	0	0	0	0	0	0	0	0	0	0	0	0	0	0
YNL104C	0	0	0	0	0	0	1	0	0	0	0	0	1	4	1	25	3	1	11	2	12	14	38	8	264	14	5	78	13	90	39	13	35	3	2	8	0	0	0	0	0	0	0	0	0	0	0	0
YBR199W	1	0	0	0	0	0	0	0	0	0	0	0	0	0	0	0	0	0	0	0	0	0	0	0	0	0	0	0	0	0	0	0	0	0	0	0	0	0	0	0	0	0	0	0	0	0	0	0
YLR180W	3	0	0	0	0	4	2	5	0	4	0	4	5	12	13	58	19	8	50	15	62	51	234	45	2257	148	33	1025	52	911	305	62	351	30	5	49	1	1	0	0	0	1	0	0	0	0	0	0
YPL190C	1	0	0	0	0	0	0	0	0	1	3	3	2	13	2	11	13	1	5	2	5	0	44	3	137	21	10	22	14	161	8	26	68	30	19	30	8	2	10	1	0	0	0	0	0	0	0	0
YMR242C	1	0	1	6	0	0	13	0	0	15	8	21	152	77	36	766	59	65	259	135	280	844	1593	109	11286	645	223	4102	539	3434	2105	493	856	174	82	257	6	19	6	0	0	0	0	0	0	0	0	0
YNL112W	0	0	0	0	0	0	0	0	0	0	0	0	0	0	0	0	0	0	0	0	0	0	0	0	1	0	0	0	0	0	0	0	0	0	0	0	0	0	0	0	0	0	0	0	0	0	0	0
YLR403W	0	0	0	0	0	0	0	0	0	0	0	0	0	0	0	0	0	0	0	0	0	0	0	0	4	0	2	1	0	0	0	0	0	0	0	0	0	0	0	0	0	0	0	0	0	0	0	0
YIR023W	0	0	0	0	0	0	0	0	0	0	0	0	0	0	0	0	0	0	0	0	0	0	0	0	0	0	0	0	0	6	0	0	0	0	0	0	0	0	0	0	0	0	0	0	0	0	0	0
YDL092W	0	0	0	0	0	0	0	0	0	0	0	0	0	0	0	0	0	0	0	0	0	0	0	0	1	0	0	0	0	0	0	0	0	0	0	0	0	0	0	0	0	0	0	0	0	0	0	0
YGR143W	0	0	0	0	0	0	0	0	0	0	0	0	0	0	0	0	0	1	2	0	1	0	0	0	7	1	0	7	0	12	0	0	6	0	0	0	0	0	0	0	0	0	0	0	0	0	0	0
YER158C	0	0	0	0	0	0	0	0	0	0	0	0	0	0	0	0	0	0	2	0	0	0	0	0	2	0	0	0	0	8	0	0	0	0	0	0	0	0	0	0	0	0	0	0	0	0	0	0
YAR050W	0	0	0	0	0	0	0	0	0	0	0	0	0	0	0	0	0	1	2	0	0	0	5	1	10	1	3	4	7	4	0	6	2	1	0	1	0	0	0	0	0	0	0	0	0	0	0	0
YOR267C	0	0	0	0	0	0	0	5	0	0	0	0	0	16	0	0	47	0	7	0	32	0	78	0	18	8	16	0	9	102	9	47	84	70	23	0	31	0	28	0	0	9	0	0	0	0	0	0
YLR095C	0	0	0	0	0	0	0	0	0	0	0	0	0	4	0	0	0	0	3	0	0	1	7	0	25	8	0	5	2	14	3	5	2	0	0	0	0	0	0	0	0	0	0	0	0	0	0	0
YHR044C	0	0	0	0	1	0	0	0	0	0	1	1	2	5	3	6	4	1	4	2	15	16	39	8	296	13	15	108	10	235	47	16	70	4	6	9	0	0	0	0	0	0	0	0	0	0	0	0
YHR056C	0	1	0	0	0	0	2	0	0	1	2	0	1	3	1	33	4	6	13	5	18	36	69	14	474	34	21	188	37	302	88	30	98	14	8	33	0	1	0	0	0	0	0	0	0	0	0	0
YER111C	1	0	0	0	0	0	0	0	0	1	0	3	0	3	0	1	0	0	0	0	0	0	0	0	0	0	0	0	0	1	0	0	0	0	0	0	0	0	0	0	0	0	0	0	0	0	0	0
YPL158C	0	0	0	0	0	0	0	0	0	0	0	0	0	0	2	2	0	0	0	0	0	0	5	0	21	0	0	2	0	12	2	0	3	0	0	0	1	0	0	0	0	0	0	0	0	0	0	0
YKR094C	6	2	2	2	2	1	18	5	3	38	7	25	98	86	44	628	88	100	395	82	432	497	1562	226	14184	1018	418	6429	589	9091	2229	1355	2770	180	184	597	23	57	23	0	1	3	1	0	1	0	0	0
YBL081W	0	0	0	2	0	0	0	0	0	2	0	0	9	3	0	6	0	3	1	3	0	16	7	0	24	1	11	8	34	9	13	31	2	19	2	14	0	1	3	0	0	0	0	0	0	0	0	0
YOL039W	1	0	0	2	3	2	1	0	1	7	2	2	8	15	9	45	28	13	77	10	36	34	222	58	2474	215	29	1912	36	1015	191	220	486	19	32	12	1	0	3	0	0	0	0	0	0	0	0	0
YHR214W	0	0	0	0	0	0	0	0	0	0	0	1	0	0	0	2	0	0	1	0	0	2	8	2	43	1	2	19	1	24	5	7	10	0	3	0	0	0	0	0	0	0	0	0	0	0	0	0
YLR264W	0	0	0	0	1	0	0	0	0	2	0	0	0	1	4	13	6	1	19	3	27	11	93	24	709	58	13	476	16	142	73	6	68	0	1	0	0	0	0	0	0	0	0	0	0	0	0	0
YLR460C	0	0	0	0	0	0	0	0	0	0	0	1	0	1	0	1	0	0	0	0	3	6	11	2	51	3	1	34	0	30	15	5	9	2	0	1	0	0	0	0	0	0	0	0	0	0	0	0
YLR216C	1	1	0	0	0	0	0	0	0	0	0	0	0	0	0	0	0	0	0	0	0	0	0	0	0	0	0	0	0	0	0	0	0	0	0	0	0	0	0	0	0	0	0	0	0	0	0	0
YOR081C	0	0	0	0	0	0	0	0	0	0	0	0	0	0	0	0	0	0	0	0	0	0	0	0	0	2	0	0	0	0	0	0	0	0	0	0	0	0	0	0	0	0	0	0	0	0	0	0
YNL298W	0	0	0	0	0	0	2	0	0	0	0	0	0	0	0	2	1	0	0	0	0	0	0	3	6	0	4	4	0	9	0	1	1	0	1	1	0	0	0	0	0	0	0	0	0	0	0	0
YDR420W	0	0	0	0	0	0	0	0	0	0	0	0	0	0	16	0	0	10	9	0	3	0	44	35	305	19	10	165	4	180	106	8	110	16	0	32	0	0	0	0	0	0	0	0	0	0	0	0
YGL172W	0	0	0	0	0	0	0	0	0	0	0	0	0	0	0	1	0	0	0	0	0	0	0	0	0	0	0	0	0	0	0	0	0	0	0	0	0	0	0	0	0	0	0	0	0	0	0	0
YLR286C	0	0	0	2	0	0	0	0	0	0	0	0	0	0	0	18	0	0	0	0	8	4	12	0	122	0	2	0	0	4	0	0	0	0	0	0	0	0	0	0	0	0	0	0	0	0	0	0
YNL016W	0	0	0	0	0	0	0	0	0	0	1	0	0	9	0	3	5	0	3	3	2	4	17	4	76	13	1	41	1	46	9	5	13	0	0	5	0	0	0	0	0	0	0	0	0	0	0	0
YML113W	0	0	0	0	0	0	0	0	0	0	0	0	0	2	0	0	1	0	0	1	1	0	11	0	9	4	2	2	3	9	0	1	9	0	2	0	0	0	0	0	0	0	0	0	0	0	0	0
YDR436W	0	0	0	0	0	0	0	0	0	0	0	0	0	0	0	0	0	0	0	0	0	0	1	0	0	0	0	0	0	0	0	0	0	0	0	0	0	0	0	0	0	0	0	0	0	0	0	0
YOL052C-A	0	0	0	0	0	0	0	0	0	0	0	0	0	0	1	0	0	0	0	0	0	0	0	0	0	0	0	0	0	0	0	0	0	0	0	0	0	0	0	0	0	0	0	0	0	0	0	0
YFL061W	0	0	0	0	0	0	0	0	0	0	0	0	0	0	0	2	0	0	0	0	0	0	0	0	5	0	0	1	0	7	1	2	1	0	0	0	0	0	0	0	0	0	0	0	0	0	0	0
YKL117W	0	0	0	0	0	0	3	0	0	2	0	0	0	0	0	2	0	0	2	0	0	1	2	0	0	0	0	0	0	0	0	0	0	0	0	0	0	0	0	0	0	0	0	0	0	0	0	0
YLR330W	0	0	0	0	0	0	0	0	0	3	0	0	0	0	0	0	8	8	3	0	16	12	24	3	317	6	3	87	13	220	57	9	35	6	0	27	0	0	0	0	0	0	0	0	0	0	0	0
YOL157C	0	0	0	0	0	0	0	0	0	0	0	0	0	0	0	0	1	0	1	0	1	3	5	0	37	8	3	18	2	18	5	3	10	2	3	2	0	0	0	0	0	0	0	0	0	0	0	0
YNR072W	0	0	0	0	0	0	0	0	0	0	0	0	0	0	0	0	0	0	0	0	0	0	0	0	1	0	0	0	0	0	0	0	0	0	0	0	0	0	0	0	0	0	0	0	0	0	0	0
YOR310C	0	0	0	0	0	0	0	0	0	2	0	0	2	0	0	4	1	0	2	0	1	1	1	1	12	0	0	1	1	4	1	1	1	0	0	0	0	0	0	0	0	0	0	0	0	0	0	0
YHL009W-B	0	0	0	0	0	0	0	0	0	0	0	0	0	0	0	1	0	3	4	1	1	1	5	0	37	7	7	20	6	19	11	1	5	3	0	1	0	0	0	0	0	0	0	0	0	0	0	0
YJR160C	0	0	0	0	0	0	0	0	0	0	0	0	0	0	0	1	0	0	0	0	0	1	1	0	4	3	0	5	0	6	1	1	0	0	0	1	0	0	0	0	0	0	0	0	0	0	0	0
YPR159W	0	0	0	0	0	0	0	0	0	0	0	0	0	0	0	0	0	1	2	0	1	0	0	0	7	1	0	7	0	12	0	0	6	0	0	0	0	0	0	0	0	0	0	0	0	0	0	0
YPR148C	0	0	0	0	0	0	0	0	0	0	0	0	0	0	1	0	0	0	0	0	0	0	1	0	11	0	0	2	0	8	0	0	1	0	0	0	0	0	0	0	0	0	0	0	0	0	0	0
YMR303C	3	1	2	1	4	3	14	5	5	57	14	21	118	212	74	985	200	106	579	180	538	1029	3249	402	25419	1677	823	12418	872	15028	4306	1399	5366	422	502	1035	11	73	79	0	9	2	2	0	4	0	0	0
YIL123W	0	0	0	0	0	0	0	0	0	0	0	0	0	0	0	0	0	0	0	0	0	0	1	2	1	0	0	0	0	0	1	1	0	0	0	0	0	0	0	2	0	0	0	0	0	0	0	0
YPL079W	5	0	1	2	3	0	14	3	0	36	1	24	57	135	26	401	98	58	315	136	258	462	1574	148	9639	587	276	3210	275	4489	1358	477	1600	87	160	262	4	14	3	1	0	0	0	0	0	0	0	0
YBL017C	0	0	0	0	0	0	0	0	0	0	0	0	0	0	0	2	0	1	4	2	1	4	6	0	39	3	0	26	0	11	4	2	8	0	0	0	0	0	0	0	0	0	0	0	0	0	0	0
YBR145W	0	0	0	0	0	0	0	0	0	0	0	0	0	0	0	0	0	0	0	0	0	0	0	0	0	0	0	0	0	1	0	0	1	0	0	0	0	0	0	0	0	0	0	0	0	0	0	0
YAR066W	0	0	0	0	0	0	0	0	0	0	0	1	0	0	0	2	0	0	1	0	0	2	8	2	43	1	2	19	1	24	5	7	10	0	3	0	0	0	0	0	0	0	0	0	0	0	0	0
YKL157W	0	0	0	0	0	0	0	0	0	0	0	0	0	0	0	0	0	0	0	0	2	0	0	0	1	0	0	0	0	0	0	0	0	0	0	0	0	0	0	0	0	0	0	0	0	0	0	0
YBR013C	0	0	0	0	0	0	0	0	0	0	0	0	0	0	0	0	0	0	0	0	0	0	1	0	0	0	0	0	1	0	0	0	0	0	0	0	0	0	0	0	0	0	0	0	0	0	0	0
YMR121C	3	2	1	3	7	1	12	6	2	27	10	15	62	194	32	319	123	54	407	134	278	445	1316	152	9524	654	313	4184	363	6131	1643	550	2289	106	131	453	3	19	11	0	4	0	1	0	0	0	0	0
YMR186W	5	2	5	6	7	5	21	8	9	35	9	61	108	188	119	771	191	144	539	150	865	897	2048	477	20873	1062	669	8504	583	12068	3475	1014	4599	285	331	987	13	38	33	1	5	1	1	0	0	0	0	0
YNL331C	0	0	0	0	0	0	0	0	0	0	0	0	0	0	0	0	0	0	0	0	0	0	0	0	2	1	0	0	0	2	0	0	1	0	0	0	0	0	0	0	0	0	0	0	0	0	0	0
YPL083C	0	0	0	0	0	0	0	0	0	0	0	0	1	1	0	2	0	0	1	0	1	0	0	0	0	0	0	2	0	0	0	1	0	0	0	0	0	0	0	0	0	0	0	0	0	0	0	0
YDR304C	0	0	1	0	0	0	0	0	0	0	0	0	0	0	1	4	1	0	5	0	0	0	0	0	3	0	0	0	0	2	1	0	3	1	0	0	0	0	0	0	0	0	0	0	0	0	0	0
YML133W-B	0	0	0	0	0	0	0	0	0	0	0	0	0	0	0	0	1	0	0	0	0	0	0	0	0	0	0	0	0	0	0	0	0	0	0	0	0	0	0	0	0	0	0	0	0	0	0	0
YML133W-A	0	0	0	0	0	0	0	0	0	0	0	0	0	0	0	0	0	0	0	1	0	0	0	0	0	0	0	0	0	0	0	0	0	0	0	0	0	0	0	0	0	0	0	0	0	0	0	0
YJR156C	0	0	0	0	0	0	0	0	0	1	0	0	0	0	1	4	1	0	2	0	3	4	6	0	29	1	5	12	7	25	4	2	14	0	1	3	0	0	0	0	0	0	0	0	0	0	0	0
YOL165C	0	0	0	0	0	0	0	0	0	0	0	0	0	0	0	0	0	0	0	0	0	0	0	0	0	0	0	0	1	0	0	0	0	0	0	0	0	0	0	0	0	0	0	0	0	0	0	0
YMR207C	0	0	0	0	0	0	0	0	0	0	0	0	0	0	0	0	0	0	0	0	0	0	0	0	0	0	0	1	0	0	0	0	1	0	0	0	0	0	0	0	0	0	0	0	0	0	0	0
YCR107W	0	0	0	0	0	0	0	0	0	0	0	0	0	0	0	0	0	0	0	0	0	0	0	0	0	0	0	0	1	0	0	0	1	0	0	0	0	0	0	0	0	0	0	0	0	0	0	0
YKR089C	0	0	0	0	0	0	0	0	0	0	0	0	0	0	0	0	0	0	0	0	0	0	0	0	0	2	0	0	0	0	0	0	0	0	0	0	0	0	0	0	0	0	0	0	0	0	0	0
YKR072C	8	0	0	0	0	0	0	0	0	7	0	0	0	0	0	0	0	1	0	0	0	0	9	0	115	0	0	6	1	20	0	11	0	4	0	0	0	0	0	0	0	0	0	0	0	0	0	0
YDL014W	27	0	0	5	0	14	3	2	0	22	0	0	2	0	6	20	12	2	136	0	16	6	77	24	474	34	4	211	2	174	30	16	34	2	6	0	0	0	0	0	0	0	0	0	0	0	0	0
YOR239W	0	0	0	0	0	0	2	0	0	2	0	0	4	0	0	0	1	0	0	0	0	0	0	0	0	0	0	0	0	0	0	0	0	0	0	0	0	0	0	0	0	0	0	0	0	0	0	0
YJL020C	0	0	0	0	0	0	0	0	0	0	0	0	0	0	0	4	0	0	0	0	2	2	8	4	70	2	8	10	6	38	10	0	4	2	2	2	0	0	0	0	0	0	0	0	0	0	0	0
YCR087C-A	0	0	0	0	0	0	0	0	0	0	0	0	0	0	0	0	0	0	0	0	0	0	0	0	0	1	0	0	0	0	0	0	0	0	0	0	0	0	0	0	0	0	0	0	0	0	0	0
YIR006C	0	0	0	0	0	0	0	0	0	0	0	0	2	9	0	18	7	6	6	7	9	17	55	21	289	20	9	96	16	183	57	8	65	9	4	20	0	2	0	0	0	0	0	0	0	0	0	0
YCR024C-A	0	0	0	2	0	0	2	3	0	8	2	6	14	9	6	137	18	14	263	10	41	118	161	46	749	166	94	743	76	507	75	79	234	4	27	14	0	4	0	0	0	0	0	0	0	0	0	0
YNL042W-B	10	0	465	3	2	1832	10	6	197	65	2	4	13	5	8	22	10	17	90	1	34	10	19	90	17	36	53	43	5	956	10	13	1840	6	20	110	10	10	15	0	1	2	0	0	1	0	0	0
YHL024W	0	0	0	1	0	0	0	0	0	2	0	0	0	1	0	0	0	0	0	0	0	0	0	0	0	0	0	0	0	0	0	0	0	0	0	0	0	0	0	0	0	0	0	0	0	0	0	0
YPL146C	0	0	0	0	0	0	0	0	0	0	0	0	2	1	0	2	0	0	1	0	1	0	1	0	4	0	0	2	0	2	0	0	0	0	0	0	0	0	0	0	0	0	0	0	0	0	0	0
YER075C	0	0	0	0	0	0	0	0	0	0	0	0	0	0	0	0	0	0	0	0	0	0	0	1	1	0	0	0	0	0	0	2	1	0	0	0	0	0	0	0	0	0	0	0	0	0	0	0
YHR094C	0	0	0	0	0	0	0	0	0	6	0	0	10	16	3	55	33	5	51	11	26	15	107	15	698	67	17	441	20	315	122	39	163	8	14	30	0	0	0	0	0	0	0	0	0	0	0	0
YEL076C	0	0	0	0	0	0	0	0	0	1	0	0	0	2	4	8	1	3	5	2	15	21	17	3	204	20	28	81	21	130	51	11	60	1	3	8	0	1	0	0	0	0	0	0	0	0	0	0
YNL332W	0	0	0	0	0	0	0	0	0	1	0	0	0	0	0	3	1	0	1	0	4	5	6	0	24	1	4	12	7	24	4	2	12	0	1	3	0	0	0	0	0	0	0	0	0	0	0	0
YHR161C	2	0	0	0	0	0	0	0	0	0	2	0	0	6	0	0	1	0	1	0	0	2	10	0	12	6	0	0	4	11	4	0	2	0	0	2	0	0	0	0	0	0	0	0	0	0	0	0
YNR065C	0	0	0	0	0	0	0	0	0	0	0	1	1	1	1	7	3	1	8	2	6	9	15	3	105	13	2	60	6	55	13	9	24	2	1	5	0	0	0	0	0	0	0	0	0	0	0	0
YML049C	0	0	0	0	0	0	0	0	0	0	0	0	0	0	0	0	0	0	0	0	1	0	0	0	0	0	0	0	0	0	0	0	0	0	0	0	0	0	0	0	0	0	0	0	0	0	0	0
YBR067C	0	0	0	0	0	0	0	0	0	0	0	0	0	2	0	0	0	0	0	6	0	2	0	0	2	0	2	0	0	7	0	0	0	0	0	0	0	0	0	0	0	0	0	0	0	0	0	0
YGR138C	0	1	0	0	0	1	1	0	0	2	0	2	2	6	4	40	7	11	23	9	46	41	81	24	793	49	27	419	38	570	171	40	219	17	11	59	0	0	3	0	0	0	0	0	0	0	0	0
YJR151C	0	0	0	0	0	0	0	0	0	0	0	0	0	0	0	0	0	0	0	0	0	0	0	0	10	0	8	0	0	4	4	0	0	0	0	0	0	0	0	0	0	0	0	0	0	0	0	0
YJR086W	0	0	0	0	0	0	0	1	0	0	0	0	0	2	0	0	0	0	0	0	0	0	0	0	0	0	0	0	0	0	0	0	0	0	0	0	0	0	0	0	0	0	0	0	0	0	0	0
YFL024C	0	0	0	0	0	0	0	0	0	0	0	0	0	1	0	0	0	0	0	0	0	0	0	1	1	1	0	0	0	1	0	0	0	0	0	1	0	0	0	0	0	0	0	0	0	0	0	0
YER074W	1	0	9	2	4	7	7	10	2	26	8	43	85	123	56	468	105	79	413	126	430	916	1739	295	17874	870	368	7478	449	8857	2533	1114	3288	231	250	562	5	18	20	1	0	0	0	0	0	0	0	0
YIL173W	0	0	0	0	0	0	1	0	0	1	0	1	3	4	3	20	5	5	14	9	25	25	59	18	417	44	19	202	22	283	77	22	104	5	6	23	0	0	0	0	0	0	0	0	0	0	0	0
YKL163W	8	0	2	0	2	0	2	4	2	3	3	14	1	43	32	50	51	48	68	63	152	112	504	131	2788	386	191	1491	159	2351	735	202	1056	141	60	418	2	11	21	1	4	0	0	0	0	0	0	0
YDR366C	0	0	0	0	0	0	0	0	0	0	0	0	0	0	0	1	1	0	1	0	2	1	0	1	3	10	1	11	4	0	5	1	0	1	0	1	0	0	0	0	0	0	0	0	0	0	0	0
YIL130W	0	0	0	1	0	0	0	0	0	1	0	0	0	0	0	2	0	0	0	0	0	2	0	0	6	0	0	0	0	0	0	2	0	3	0	0	0	0	0	0	0	0	0	0	0	0	0	0
YER056C-A	2	0	3	3	1	4	13	1	1	43	12	12	94	63	18	338	44	28	140	47	178	188	1096	83	7641	534	110	2881	296	2193	1607	166	773	51	66	140	3	10	2	0	1	0	0	0	0	0	0	0
YGR192C	73	13	37	60	103	32	327	137	55	871	190	593	1781	2435	898	11362	2607	2131	9578	2809	6964	19113	32052	4816	320103	17466	10678	151308	9627	164572	60482	15468	61112	5504	6138	14937	187	905	441	16	49	18	3	10	5	1	1	2
YJL158C	1	0	0	2	2	1	4	4	0	7	2	4	15	60	4	236	49	9	360	18	85	175	307	69	2176	264	78	1233	130	1589	460	113	800	46	30	168	0	4	6	0	0	0	0	0	0	0	0	0
YCL073C	0	0	0	0	0	0	0	0	0	0	0	0	0	0	0	0	0	1	0	0	0	0	4	0	15	1	1	6	0	12	2	0	5	0	0	1	0	0	0	0	0	0	0	0	0	0	0	0
YAR071W	1	0	0	0	0	0	0	0	0	0	0	0	0	4	0	7	1	0	5	2	5	10	24	3	171	11	0	67	5	68	15	13	26	2	8	5	0	0	1	1	0	0	0	0	0	0	0	0
YGL210W	0	0	0	0	0	0	0	0	0	0	0	0	0	0	0	0	0	0	0	0	0	0	0	0	0	0	0	0	0	1	0	0	0	0	0	0	0	0	0	0	0	0	0	0	0	0	0	0
YKL219W	0	0	0	0	0	0	0	0	0	1	0	0	1	2	0	0	2	0	2	0	6	3	9	3	43	4	0	29	3	40	5	2	10	1	0	1	0	0	0	0	0	0	0	0	0	0	0	0
YDL244W	0	0	0	0	0	0	0	0	0	1	0	0	0	0	0	4	1	0	2	0	3	5	5	0	26	1	5	8	5	20	3	1	14	0	1	3	0	0	0	0	0	0	0	0	0	0	0	0
YBR049C	0	0	0	0	0	0	0	0	0	0	0	0	0	0	0	0	0	0	0	0	0	0	0	0	0	0	0	0	0	1	0	0	0	0	0	0	0	0	0	0	0	0	0	0	0	0	0	0
YOR359W	0	0	0	0	0	0	0	0	0	0	0	0	0	0	0	0	0	0	0	0	0	0	0	0	0	0	0	0	0	1	0	0	0	0	0	0	0	0	0	0	0	0	0	0	0	0	0	0
YLL021W	0	0	0	0	0	0	0	0	0	0	0	0	0	0	0	0	0	0	0	0	0	0	0	0	2	0	0	0	0	2	0	0	0	0	0	0	0	0	0	0	0	0	0	0	0	0	0	0
YFL033C	0	0	0	0	0	0	0	0	0	1	0	0	0	2	0	0	0	0	0	0	0	1	0	0	7	0	0	0	0	1	0	1	0	0	0	0	0	0	0	0	0	0	0	0	0	0	0	0
YDL229W	11	2	8	11	9	9	65	16	10	91	32	119	269	349	198	1815	409	349	1219	424	1954	2460	6177	1053	61366	2823	1761	23619	1717	36658	10614	3180	11722	781	734	2663	36	111	45	2	1	1	2	1	1	2	0	0
YER033C	0	0	0	0	0	0	0	0	0	0	0	0	0	0	0	0	0	0	0	0	1	0	2	0	5	1	0	0	0	2	0	0	0	0	0	0	0	0	0	0	0	0	0	0	0	0	0	0
YIR037W	0	0	0	0	1	0	0	0	0	0	0	0	0	0	0	1	0	0	0	0	0	0	0	0	0	0	0	0	0	0	0	0	0	0	0	0	0	0	0	0	0	0	0	0	0	0	0	0
YPR156C	0	1	0	0	0	1	1	0	0	2	0	2	2	6	4	40	7	11	23	9	46	41	81	24	793	49	27	419	38	570	171	40	219	17	11	59	0	0	3	0	0	0	0	0	0	0	0	0
YLR451W	0	0	0	0	0	0	0	0	0	0	0	0	0	1	0	1	0	0	0	0	0	0	0	1	0	0	0	0	0	0	0	0	0	1	0	0	0	0	0	0	0	0	0	0	0	0	0	0
YNR047W	0	0	0	0	0	0	0	0	0	0	0	0	0	0	0	0	0	0	0	0	0	0	0	0	0	0	0	2	0	2	0	0	0	0	0	0	0	0	0	0	0	0	0	0	0	0	0	0
YJL222W	0	0	0	0	0	0	1	0	0	1	0	1	3	4	3	20	5	5	14	9	25	25	59	18	417	44	19	202	22	283	77	22	104	5	6	23	0	0	0	0	0	0	0	0	0	0	0	0
YDR154C	1	1	1	0	0	0	0	0	0	0	0	0	0	1	0	1	0	4	0	0	5	0	0	1	0	0	3	0	3	0	0	3	1	0	0	1	0	0	0	0	0	0	0	0	0	0	0	0
YLR333C	7	1	0	0	0	5	1	0	0	3	2	1	11	5	3	39	11	6	14	4	27	58	50	9	767	42	11	215	14	278	80	38	79	8	6	9	0	0	0	0	0	0	0	0	0	0	0	0
YLR432W	2	0	1	0	2	1	5	1	1	8	0	7	25	38	16	124	30	32	83	50	142	226	434	71	3427	205	148	1301	113	1788	712	198	633	57	60	209	3	12	4	0	0	0	0	0	0	0	0	0
YNR077C	0	0	0	0	0	0	0	0	0	0	0	0	0	0	0	0	0	0	0	0	0	1	0	0	0	0	0	0	0	1	0	0	0	0	0	0	0	0	0	0	0	0	0	0	0	0	0	0
YDR534C	0	0	0	0	0	0	0	0	0	0	0	0	0	0	0	0	0	0	0	0	3	0	0	0	13	0	0	0	0	3	4	0	0	0	0	2	0	0	0	0	0	0	0	0	0	0	0	0
YIL060W	0	0	0	0	0	0	0	0	0	0	0	1	0	3	1	0	3	0	1	1	2	2	1	0	15	2	0	15	3	19	2	4	11	2	2	2	0	1	0	0	0	0	0	0	0	0	0	0
YJL115W	0	0	0	0	0	0	0	0	0	0	0	0	0	0	0	0	0	0	0	0	0	0	0	0	1	0	0	0	0	0	0	0	0	0	0	0	0	0	0	0	0	0	0	0	0	0	0	0
YHR183W	0	0	0	0	0	0	0	0	0	0	0	0	0	0	0	0	0	0	0	0	0	0	0	1	1	0	0	1	0	8	0	0	3	0	0	1	0	0	0	0	0	0	0	0	0	0	0	0
YDR186C	0	0	0	0	0	0	0	0	0	0	0	0	0	0	0	0	0	0	0	0	0	0	0	0	7	0	0	1	0	3	0	0	0	0	0	0	0	0	0	0	0	0	0	0	0	0	0	0
YJL138C	7	1	9	8	14	6	44	9	8	64	25	71	237	352	117	1385	291	250	1033	328	1119	2166	4233	677	38234	2195	1481	16856	1349	21152	7693	1982	7840	533	497	1961	14	104	50	7	1	1	0	0	0	0	0	0
YCR099C	0	0	0	0	0	0	0	0	0	0	0	0	0	0	0	0	0	0	1	0	0	0	0	0	0	0	0	0	0	0	0	0	0	0	0	0	0	0	0	0	0	0	0	0	0	0	0	0
YDR213W	0	0	0	0	0	0	0	0	0	0	0	0	0	1	0	0	0	0	0	0	0	0	0	0	3	0	0	0	0	0	0	0	0	0	0	0	0	0	0	0	0	0	0	0	0	0	0	0
YAR028W	0	0	0	0	0	0	0	0	1	1	0	0	0	0	0	1	0	0	0	0	0	0	1	2	10	2	0	9	0	3	1	1	7	0	0	0	0	0	0	0	0	0	0	0	0	0	0	0
YCR018C-A	0	0	0	0	0	0	0	0	0	0	0	0	0	1	0	1	2	0	1	0	5	1	3	5	13	13	4	23	12	10	8	2	6	0	0	6	0	0	0	0	0	0	0	0	0	0	0	0
YAR053W	0	0	0	0	0	0	0	0	0	0	0	0	1	0	0	0	0	0	0	1	0	0	0	0	1	0	0	0	0	0	1	0	1	0	0	0	0	0	0	0	0	0	0	0	0	0	0	0
YPR102C	8	0	5	4	7	2	15	9	2	31	22	52	141	285	64	724	140	149	462	214	627	1177	3327	388	22414	1316	856	9471	877	10911	3694	1156	3294	270	304	793	8	55	20	2	3	0	0	0	0	0	0	0
YNL334C	0	0	0	1	0	0	1	0	0	0	0	0	1	0	0	0	1	0	1	1	2	2	5	1	19	6	4	23	2	10	5	9	12	0	0	4	0	0	0	0	0	0	0	0	0	0	0	0
YBR010W	2	2	0	2	3	0	6	3	1	12	12	2	67	67	11	276	69	53	232	67	193	394	1004	117	7116	567	247	3662	327	4716	1603	601	2036	150	169	490	9	30	15	1	1	0	0	0	1	0	0	0
YDL104C	0	0	0	0	0	0	0	0	0	0	0	0	0	0	0	0	1	1	0	0	0	0	1	0	1	0	1	0	0	0	0	0	0	0	0	0	0	0	0	0	0	0	0	0	0	0	0	0
YPL090C	5	4	4	15	13	10	39	7	25	51	18	67	183	332	134	1220	329	227	881	376	1232	1974	5114	712	40820	2383	1423	17350	1443	22893	7367	2263	7957	534	629	1636	14	75	75	1	12	2	0	0	0	0	0	0
YBR302C	0	0	0	0	1	0	2	1	1	6	3	10	11	29	36	87	73	35	68	57	119	111	262	123	1879	197	124	1190	143	1411	467	118	796	26	45	183	5	7	2	0	0	0	0	0	0	0	0	0
YAR033W	0	0	0	0	0	0	0	0	0	0	0	0	1	3	0	4	3	2	6	0	4	8	12	3	116	15	1	54	5	82	16	8	23	2	1	14	0	0	0	0	0	0	0	0	0	0	0	0
YPL016W	0	0	0	2	0	0	0	1	0	0	0	0	0	1	0	0	0	0	0	0	0	1	0	0	1	0	0	0	0	0	0	0	0	1	0	0	0	0	0	0	0	0	0	0	0	0	0	0
YGR214W	0	1	1	1	0	3	11	1	0	25	3	45	36	37	45	214	48	33	112	35	182	200	514	118	4537	264	100	1822	107	2021	504	94	678	39	48	89	2	3	2	0	0	0	0	0	0	0	0	0
YDR054C	0	0	0	0	0	0	0	0	0	0	0	0	0	0	0	1	0	0	0	0	0	0	0	0	0	0	0	0	0	0	0	0	0	0	0	0	0	0	0	0	0	0	0	0	0	0	0	0
YGR086C	1	0	1	0	0	1	2	0	0	0	0	0	3	0	0	34	1	3	9	0	2	3	0	0	0	0	2	0	0	1	0	0	0	0	0	0	0	0	0	0	0	0	0	0	0	0	0	0
YML065W	0	0	0	1	1	0	0	0	0	0	0	5	0	2	1	1	1	0	3	0	24	0	1	5	1	0	0	0	0	0	0	0	0	0	0	0	0	0	0	0	0	0	0	0	0	0	0	0
YLL013C	2	0	0	0	0	0	0	0	0	0	0	0	0	3	0	0	2	0	0	0	4	0	4	0	9	2	0	5	0	0	0	0	0	0	0	0	0	0	0	0	0	0	0	0	0	0	0	0
YCR061W	0	0	0	0	0	0	0	0	0	0	0	0	0	0	0	0	0	0	0	0	0	0	0	0	0	0	0	0	0	2	0	0	0	0	0	0	0	0	0	0	0	0	0	0	0	0	0	0
YMR109W	0	0	0	0	0	0	0	0	0	0	0	0	0	0	0	0	0	0	0	0	0	0	0	0	9	0	0	1	0	5	0	0	1	0	0	0	0	0	0	0	0	0	0	0	0	0	0	0
YLR334C	0	0	0	0	0	0	0	0	0	0	0	0	0	0	0	0	0	0	0	0	0	0	0	0	0	0	2	0	2	2	0	0	0	0	0	0	0	0	0	0	0	0	0	0	0	0	0	0
YER166W	0	0	0	0	0	0	0	0	0	0	0	0	0	0	0	0	0	0	0	0	1	0	0	0	0	0	0	0	0	0	0	0	0	0	0	0	0	0	0	0	0	0	0	0	0	0	0	0
YDL126C	0	0	0	0	0	0	0	1	0	0	0	0	0	10	0	2	6	0	1	0	0	0	0	0	0	0	0	0	0	0	0	0	0	0	0	0	0	0	0	0	0	0	0	0	0	0	0	0
YDR228C	0	0	0	0	0	0	0	0	0	0	0	0	0	2	0	0	1	0	0	1	2	0	4	0	4	3	3	1	2	2	0	0	2	0	0	0	0	0	0	0	0	0	0	0	0	0	0	0
YLR114C	0	0	0	0	0	0	0	0	0	0	0	0	0	0	0	0	0	0	0	0	0	0	2	0	30	0	0	9	0	15	0	0	0	0	0	0	0	0	0	0	0	0	0	0	0	0	0	0
YGR124W	0	0	1	1	0	0	1	1	0	0	0	3	5	34	2	56	5	3	29	43	45	111	225	21	1622	90	87	661	63	1018	300	144	213	13	15	73	1	6	0	0	0	1	0	0	0	0	0	0
YBR017C	0	0	0	0	0	0	0	0	0	0	0	0	0	0	0	0	0	0	0	0	0	0	0	0	0	0	0	0	0	0	0	0	0	0	1	0	0	0	0	0	0	0	0	0	0	0	0	0
YJR158W	0	0	0	0	0	0	0	0	0	0	0	0	0	0	0	0	0	0	0	0	0	0	1	0	1	0	0	0	0	0	0	0	0	0	0	0	0	0	0	0	0	0	0	0	0	0	0	0
YML078W	0	0	0	0	0	0	0	0	0	0	0	0	0	0	0	0	0	0	0	0	0	1	0	0	0	0	0	0	0	1	0	0	0	0	0	0	0	0	0	0	0	0	0	0	0	0	0	0
YLR141W	0	0	0	0	0	0	0	0	0	0	0	0	0	0	0	0	0	0	0	0	0	0	0	0	0	2	0	0	0	0	0	0	0	0	0	0	0	0	0	0	0	0	0	0	0	0	0	0
YMR317W	0	0	0	0	0	0	0	0	0	0	0	0	0	0	0	0	0	0	0	3	0	0	4	0	18	2	2	4	0	4	0	0	0	0	0	0	0	0	0	0	0	0	0	0	0	0	0	0
YER133W	0	0	0	0	0	0	0	0	0	0	0	0	0	0	0	0	0	0	0	0	0	0	1	0	0	0	0	0	0	0	0	0	0	0	0	0	0	0	0	0	0	0	0	0	0	0	0	0
YMR213W	0	0	0	0	0	0	0	0	0	0	0	1	0	0	0	0	0	0	0	0	0	0	0	0	0	0	0	0	0	0	0	0	0	0	0	0	0	0	0	0	0	0	0	0	0	0	0	0
YDL161W	0	0	0	0	0	0	0	1	0	0	1	0	0	1	0	0	0	0	0	0	1	0	0	0	0	0	0	0	0	0	0	0	0	0	0	0	0	0	0	0	0	0	0	0	0	0	0	0
YJR048W	0	0	0	0	0	0	0	0	0	0	0	0	0	0	0	0	0	0	0	0	2	2	1	4	23	2	3	5	1	19	1	0	6	0	0	2	0	0	0	0	0	0	0	0	0	0	0	0
YBR092C	0	0	0	0	0	0	0	0	1	2	0	3	2	12	2	31	13	5	23	9	29	45	123	19	861	50	34	296	20	480	103	53	138	10	15	30	0	4	0	0	0	0	0	0	0	0	0	0
YMR325W	0	0	0	0	0	0	0	0	0	0	0	0	0	0	0	0	0	0	0	0	0	1	3	0	7	1	1	1	1	2	3	0	1	0	0	0	0	0	0	0	0	0	0	0	0	0	0	0
YMR173W	7	2	0	8	5	10	35	2	0	40	9	34	104	192	63	1048	133	80	385	95	448	871	1788	238	14958	840	326	4301	320	7366	1950	928	2167	334	214	548	8	34	12	0	2	0	2	0	0	0	0	0
YOR393W	2	0	0	0	0	0	0	0	0	0	0	0	0	0	0	0	0	1	0	1	0	0	2	0	13	2	0	4	0	11	0	0	2	0	0	0	0	0	0	0	0	0	0	0	0	0	0	0
YNL161W	0	0	0	0	0	0	0	0	0	0	0	0	0	1	0	1	2	0	0	0	1	0	0	1	1	2	0	0	0	1	0	0	1	0	0	0	0	0	0	0	0	0	0	0	0	0	0	0
YOR204W	0	0	0	0	0	0	0	0	0	0	0	0	0	0	0	0	0	0	0	0	0	0	0	0	1	0	0	0	0	0	0	0	0	0	0	0	0	0	0	0	0	0	0	0	0	0	0	0
YPR043W	2	0	0	0	0	0	0	0	0	0	0	0	7	3	2	90	9	12	30	7	41	34	106	16	901	37	28	153	22	649	120	27	121	7	1	21	0	0	0	0	0	0	0	0	0	0	0	0
YPL198W	5	2	3	6	10	7	32	10	12	85	32	61	208	236	148	970	238	249	1041	334	1201	1933	3458	738	31216	1762	1360	13831	1110	17109	6453	1547	7125	528	451	1656	18	68	58	5	1	4	1	0	0	0	0	0
YDR382W	0	0	0	0	1	1	0	0	0	0	1	1	0	4	2	7	2	7	9	2	8	4	36	10	212	8	8	34	0	239	1	6	18	0	0	0	0	0	0	0	0	0	0	0	0	0	0	0
YGR294W	0	0	0	0	0	0	0	0	0	0	0	0	1	0	1	0	0	0	0	0	0	0	3	0	10	0	0	1	1	3	1	1	0	0	0	0	0	0	0	0	0	0	0	0	0	0	0	0
YOL161C	0	0	0	0	0	0	0	0	0	0	0	0	1	0	1	0	0	0	0	0	0	0	1	0	4	0	0	0	0	2	2	1	0	0	0	1	0	0	1	0	0	0	0	0	0	0	0	0
YGR254W	32	6	35	36	67	54	228	63	43	370	128	374	1286	2072	776	7904	2005	1623	5600	2119	8811	11549	32307	5000	271059	14494	7498	111804	8183	155068	43983	15536	56703	5151	4437	13451	152	801	451	21	79	35	7	3	3	2	1	2
YEL040W	0	0	0	0	0	0	0	0	0	1	0	0	0	0	1	0	0	0	0	0	0	0	0	0	0	0	0	0	0	2	0	0	0	1	0	0	0	0	0	0	0	0	0	0	0	0	0	0
YOR113W	0	0	0	1	0	0	0	0	0	0	0	0	0	0	0	1	0	0	1	0	0	0	2	0	7	0	0	2	0	2	2	0	0	0	0	0	0	0	0	0	0	0	0	0	0	0	0	0
YPL058C	0	0	0	0	0	0	0	0	0	0	0	0	0	0	0	0	0	0	0	0	0	2	0	0	0	0	0	0	0	0	0	0	0	0	0	0	0	0	0	0	0	0	0	0	0	0	0	0
YML053C	0	0	0	0	0	0	0	0	0	0	0	0	0	0	0	0	0	0	0	0	0	1	1	0	2	0	0	0	0	0	0	1	0	0	0	0	0	0	0	0	0	0	0	0	0	0	0	0
YFL050C	0	0	0	0	0	0	0	0	0	0	0	0	0	0	0	0	0	0	1	0	2	0	1	0	5	1	0	3	0	1	2	0	1	0	0	0	0	0	0	0	0	0	0	0	0	0	0	0
YER188C-A	0	0	0	0	0	0	0	0	0	0	0	0	0	0	0	0	0	0	0	0	0	1	0	0	0	0	0	0	0	0	0	0	0	0	0	0	0	0	0	0	0	0	0	0	0	0	0	0
YLR270W	0	0	0	0	0	0	0	0	0	0	0	0	0	0	0	0	0	0	0	0	0	0	0	0	0	0	0	1	0	0	0	0	0	0	0	0	0	0	0	0	0	0	0	0	0	0	0	0
YPL226W	0	0	1	0	0	0	0	0	0	0	0	1	0	0	10	0	1	0	0	0	0	0	0	0	0	0	0	0	0	0	1	0	0	0	0	0	0	0	0	0	0	0	0	0	0	0	0	0
YOR234C	1	0	1	1	0	0	2	1	0	1	1	9	9	4	19	29	12	14	32	2	64	50	190	88	1514	69	19	519	13	594	123	16	141	1	1	4	0	1	0	1	3	0	0	0	0	0	0	0
YOL051W	0	0	0	0	0	0	0	0	0	0	0	3	0	9	0	1	1	0	0	0	11	3	19	3	66	20	2	38	5	36	9	0	30	2	6	6	1	0	0	0	0	0	0	0	0	0	0	0
YNR044W	0	0	0	0	0	0	0	0	0	0	0	0	0	0	0	2	2	0	4	0	6	0	10	0	62	4	6	32	4	62	8	4	32	0	4	10	0	0	0	0	0	0	0	0	0	0	0	0
YBR289W	0	0	0	0	0	0	2	0	0	0	0	1	0	14	0	5	8	0	0	2	6	1	21	2	27	14	4	7	5	25	2	5	17	1	1	1	3	0	0	0	0	0	0	0	0	0	0	0
YHR030C	0	0	0	0	0	0	0	0	0	0	1	0	0	3	0	0	1	0	2	0	0	1	2	0	20	8	0	6	1	8	1	1	3	0	0	1	0	0	0	0	0	0	0	0	0	0	0	0
YBL084C	0	0	0	0	0	0	0	0	0	1	0	0	0	2	0	0	0	0	0	0	0	1	0	0	12	0	0	0	0	0	0	7	0	4	0	0	0	0	0	0	3	0	0	0	0	0	0	0
YOL155W-A	0	0	0	0	0	0	0	0	0	0	0	0	0	0	0	0	0	0	0	0	0	0	0	0	0	1	0	0	0	0	0	0	0	1	0	0	0	0	0	0	0	0	0	0	0	0	0	0
YBR085W	0	0	0	0	0	0	0	0	0	0	0	0	0	0	0	0	0	0	0	0	0	0	0	0	0	0	0	0	0	0	0	0	1	0	0	0	0	0	0	0	0	0	0	0	0	0	0	0
YNL270C	0	0	0	0	0	0	0	0	0	0	0	0	0	0	1	3	0	2	2	2	1	3	12	5	109	11	6	76	7	88	18	24	39	1	6	11	0	0	0	0	0	0	0	0	0	0	0	0
YJL079C	0	0	0	0	0	0	0	0	0	0	0	0	0	0	1	0	0	0	0	0	0	0	0	0	0	0	0	0	0	0	0	0	0	0	0	0	0	0	0	0	0	0	0	0	0	0	0	0
YIL011W	0	0	0	0	0	0	0	0	0	0	0	0	0	0	0	0	0	3	0	0	0	0	6	0	12	0	0	3	0	17	2	0	2	0	0	0	0	0	0	0	0	0	0	0	0	0	0	0
YEL034W	1	0	0	1	1	3	5	0	2	7	2	11	17	35	18	110	25	29	83	27	113	113	513	64	2736	183	202	1059	132	2415	363	476	655	18	127	136	1	18	3	1	0	0	0	0	0	0	0	0
YHL001W	1	0	0	2	8	1	11	1	2	20	3	47	43	106	73	400	85	161	299	104	698	520	2013	398	14211	824	582	5263	597	10515	2728	888	2896	190	207	700	3	37	23	0	0	0	0	0	0	0	0	0
YGL167C	0	0	0	0	0	0	0	0	0	1	0	0	0	0	0	0	0	0	0	0	0	0	0	0	1	0	0	0	0	0	0	0	0	0	0	0	0	0	0	0	0	0	0	0	0	0	0	0
YOR373W	0	0	0	1	0	0	0	0	0	1	0	0	0	2	0	1	0	0	0	0	0	0	0	0	4	0	0	0	0	0	2	0	0	0	0	0	0	0	0	0	0	0	0	0	0	0	0	0
YDR134C	1	0	0	0	2	0	0	0	0	0	1	0	1	5	0	0	1	0	0	0	2	2	4	0	12	2	2	3	4	17	7	1	5	1	2	3	0	2	0	0	0	0	0	0	0	0	0	0
YPR196W	0	0	0	0	0	0	0	0	0	0	0	0	0	0	0	0	0	0	0	0	0	0	0	0	9	0	0	6	2	2	2	0	1	0	1	0	0	0	0	0	0	0	0	0	0	0	0	0
YLR463C	0	0	0	0	0	0	0	0	0	0	0	0	0	0	0	0	0	0	0	0	0	0	0	0	1	0	0	0	0	0	0	0	0	0	0	0	0	0	0	0	0	0	0	0	0	0	0	0
YJL190C	2	0	1	1	0	1	8	0	1	20	1	1	19	4	4	79	9	9	53	8	22	61	60	21	624	25	25	505	18	160	115	6	26	3	0	8	0	1	0	0	0	0	0	0	0	0	0	0
YNL058C	0	0	0	0	0	0	0	0	0	0	0	0	1	0	0	3	0	0	0	0	0	0	0	0	1	0	0	0	0	0	0	0	0	0	0	0	0	0	0	0	0	0	0	0	0	0	0	0
YLL025W	0	0	0	0	0	0	0	0	0	0	0	0	0	0	0	0	0	0	0	0	3	2	1	0	23	0	0	9	1	13	4	0	4	0	0	0	0	0	0	0	0	0	0	0	0	0	0	0
YNL339W-B	0	0	0	0	0	0	0	0	0	0	0	0	0	0	0	0	1	0	0	0	0	0	0	0	0	0	0	0	0	0	0	0	0	0	0	0	0	0	0	0	0	0	0	0	0	0	0	0
YNL339W-A	0	0	0	0	0	0	0	0	0	0	0	0	0	0	0	0	0	0	0	1	0	0	0	0	0	0	0	0	0	0	0	0	0	0	0	0	0	0	0	0	0	0	0	0	0	0	0	0
YAR075W	1	0	1	1	1	0	1	0	0	3	0	2	2	8	7	27	3	7	18	6	23	36	70	15	608	35	59	211	38	307	137	37	90	7	8	30	0	1	2	0	0	0	0	0	0	0	0	0
YPL026C	0	0	0	0	1	0	0	0	0	0	0	0	0	3	1	1	1	0	1	0	1	0	5	1	0	3	0	1	1	1	0	2	3	0	0	1	0	0	0	0	0	0	0	0	0	0	0	0
YBR118W	85	21	62	76	120	73	543	100	76	902	222	882	3144	3763	1426	17350	3279	3401	11626	4568	16742	27054	60837	8357	567592	25994	18247	215195	17450	324477	102462	29423	105672	8010	6848	27179	255	1203	851	50	60	48	7	3	13	3	1	3
YKL201C	0	0	0	0	0	0	0	0	0	0	0	0	0	0	0	0	0	0	0	0	0	0	0	0	10	0	0	0	0	2	0	0	0	0	0	0	0	0	0	0	0	0	0	0	0	0	0	0
YKL081W	0	0	0	0	0	0	0	0	0	1	0	1	2	1	1	14	2	5	17	2	5	28	20	6	457	7	0	113	0	84	11	6	75	2	5	4	0	0	0	0	0	0	0	0	0	0	0	0
YPR132W	4	1	0	3	6	0	14	1	1	17	4	19	59	44	27	449	52	67	235	68	471	634	1106	255	9834	604	366	4093	321	5279	1878	381	1571	115	79	436	9	13	5	1	0	1	0	0	0	0	0	0
YHR211W	0	0	0	0	0	0	0	0	0	0	0	0	1	0	0	0	0	2	0	0	0	0	1	2	7	0	2	4	4	2	1	2	2	1	0	0	0	0	0	0	0	0	0	0	0	0	0	0
YOL013W-A	10	0	465	3	2	1832	10	6	197	65	2	4	14	5	7	23	11	15	87	0	38	11	24	84	23	33	50	28	5	971	9	23	1834	7	19	112	10	15	10	1	3	1	0	1	0	0	0	0
YNL301C	2	1	1	3	0	1	10	0	3	20	1	18	63	35	24	447	49	52	283	65	227	490	1066	178	9568	682	310	4925	285	6139	1395	456	2545	57	146	307	3	9	4	1	0	1	0	0	0	0	0	0
YAR027W	0	0	0	0	0	0	0	0	1	1	0	0	0	0	0	1	6	0	1	1	1	8	8	2	26	11	2	22	7	14	6	2	15	0	1	2	0	0	0	0	0	0	0	0	0	0	0	0
YHR021C	0	0	0	0	0	0	0	0	0	0	0	0	0	0	0	1	0	0	0	0	1	0	0	0	0	0	0	0	0	1	0	0	0	0	0	0	0	0	0	0	0	0	0	0	0	0	0	0
YMR034C	0	0	0	0	0	0	0	0	0	0	0	0	0	0	0	0	0	0	0	0	0	0	0	0	1	0	0	0	0	0	0	0	0	0	0	0	0	0	0	0	0	0	0	0	0	0	0	0
YPR204C-A	0	0	0	0	0	0	0	0	0	0	0	0	0	0	0	0	1	0	0	0	0	0	0	0	0	0	0	0	0	0	0	0	0	0	0	0	0	0	0	0	0	0	0	0	0	0	0	0
YJL034W	1	0	1	0	2	1	6	0	0	2	0	2	8	30	5	105	33	4	46	45	2	29	1	1	13	0	2	3	0	21	2	1	10	1	0	0	0	0	0	0	0	0	0	0	0	0	0	0
YDL186W	0	0	0	0	0	0	0	0	0	0	0	0	0	0	0	0	0	0	0	0	0	0	0	0	0	0	0	0	0	1	0	0	0	0	0	0	0	0	0	0	0	0	0	0	0	0	0	0
YNR073C	0	0	0	0	0	0	0	0	0	0	0	0	0	0	0	0	0	0	0	0	1	2	1	0	6	4	0	7	0	5	5	1	3	0	1	1	0	0	0	0	0	0	0	0	0	0	0	0
YHL034C	2	0	0	0	0	0	0	0	0	0	0	0	0	0	0	0	0	2	0	0	0	0	0	0	0	0	0	0	0	0	0	0	0	0	0	0	0	0	0	0	0	0	0	0	0	0	0	0
YML024W	1	1	0	0	4	0	6	4	0	9	3	8	39	72	22	289	74	46	202	87	218	450	1087	134	7984	436	246	3117	289	4756	1235	532	1706	100	114	256	1	27	7	0	0	22	0	1	1	0	0	0
YGR034W	1	0	0	0	0	0	5	1	0	10	4	1	14	13	31	110	35	23	112	43	150	288	321	90	2976	258	106	2041	146	1303	692	97	698	59	20	164	4	3	6	0	0	0	0	0	0	0	0	0
YLR177W	0	0	0	0	0	0	4	0	0	0	0	0	0	0	0	3	5	0	0	0	0	2	6	6	14	19	5	8	18	11	5	3	5	1	1	3	0	0	0	0	0	1	0	0	0	0	0	0
YJL019W	0	0	0	0	0	0	1	0	0	0	0	0	0	0	0	0	0	0	0	0	0	0	0	0	0	0	1	0	0	0	0	0	0	0	0	0	0	0	0	0	0	0	0	0	0	0	0	0
YDR542W	0	0	0	0	0	0	0	0	0	0	0	0	1	0	1	0	0	0	0	0	0	0	3	0	9	0	0	2	1	4	1	1	1	0	0	1	0	0	0	0	0	0	0	0	0	0	0	0
YPL004C	1	0	1	0	0	1	2	0	0	0	0	0	3	0	0	34	1	3	9	0	2	3	0	0	0	0	2	0	0	1	0	0	0	0	0	0	0	0	0	0	0	0	0	0	0	0	0	0
YBR180W	0	0	0	0	0	1	0	0	0	0	0	0	0	0	0	0	0	0	0	0	0	0	0	0	0	0	0	0	0	0	0	0	0	0	0	0	0	0	0	0	0	0	0	0	0	0	0	0
YAL021C	0	0	0	1	0	0	2	0	0	0	1	0	5	2	0	6	2	0	2	1	0	3	7	0	24	2	1	6	0	7	1	1	3	1	0	0	0	0	0	0	0	0	0	0	0	0	0	0
YGL259W	0	0	0	0	0	0	0	0	0	0	0	0	0	0	0	0	0	0	0	1	0	0	0	0	11	1	0	1	0	3	2	1	3	0	0	1	0	0	0	0	0	0	0	0	0	0	0	0
YOR054C	9	0	0	1	0	0	0	0	0	7	0	0	0	0	0	4	0	1	0	0	1	0	12	0	147	0	0	9	1	31	1	14	0	5	0	1	0	0	1	0	0	0	0	0	0	0	0	0
YLR055C	0	0	0	0	0	0	0	0	0	0	0	0	0	0	0	2	0	0	0	0	0	0	1	0	26	0	0	1	0	3	0	0	0	0	0	0	0	0	0	0	0	0	0	0	0	0	0	0
YLR185W	2	0	1	0	1	0	1	3	0	0	0	6	5	48	6	48	43	10	33	16	59	50	257	41	1338	198	51	832	85	931	242	105	364	17	60	73	1	6	3	0	0	1	0	0	0	0	0	0
YNL033W	0	0	0	0	0	0	1	0	0	1	0	0	0	0	0	1	0	0	0	0	0	1	1	1	5	0	1	8	2	10	2	0	4	0	1	1	0	0	0	0	0	0	0	0	0	0	0	0
YML075C	0	0	0	0	0	0	0	0	0	0	0	0	0	0	0	0	0	0	0	0	0	0	0	0	0	0	0	0	0	0	1	0	0	0	0	0	0	0	0	0	0	0	0	0	0	0	0	0
YOR182C	1	0	1	1	0	2	7	0	1	10	6	12	21	34	15	121	24	26	142	39	177	380	390	110	4307	240	166	1866	158	1393	973	256	538	39	91	135	1	17	1	0	0	0	0	0	0	0	1	0
YGR159C	0	0	0	0	0	0	0	0	0	0	0	0	0	0	0	1	0	0	0	0	0	0	0	0	0	0	0	0	0	0	0	1	0	1	0	0	0	0	0	0	0	0	0	0	0	0	0	0
YJR155W	0	0	0	0	0	0	0	0	0	0	0	0	0	0	0	0	0	0	0	0	0	0	0	0	1	0	0	0	0	1	0	0	0	0	0	0	0	0	0	0	0	0	0	0	0	0	0	0
YOR192C-B	0	0	4	2	8	4	20	4	5	27	13	58	89	199	94	477	172	144	340	171	586	591	1286	382	9293	809	596	4274	569	6233	1921	561	2540	177	161	697	5	32	20	0	0	0	0	0	0	0	0	0
YOR192C-A	0	0	4	3	6	2	8	2	4	8	8	21	38	106	41	233	83	76	164	78	251	252	595	168	4110	440	285	1867	295	2873	859	301	1164	91	82	367	2	13	12	0	0	0	0	0	0	0	0	0
YCL065W	0	0	0	0	0	0	0	0	0	0	0	0	0	0	0	0	0	0	1	0	0	0	0	0	3	0	0	3	1	1	1	0	1	0	0	0	0	0	0	0	0	0	0	0	0	0	0	0
YOR153W	0	0	0	0	0	0	0	0	0	0	0	0	0	1	1	0	0	0	0	0	1	0	0	0	0	0	0	0	0	0	0	0	0	0	0	0	0	0	0	0	0	0	0	0	0	0	0	0
YER011W	0	0	0	0	0	0	0	0	0	0	0	0	0	11	1	1	5	3	7	3	19	6	60	4	368	28	8	81	8	311	66	20	79	11	4	38	0	0	0	0	0	0	0	0	0	0	0	0
YCR037C	0	0	0	0	0	0	0	0	0	0	0	0	0	0	0	1	0	0	2	0	0	0	0	0	2	0	0	0	0	0	0	0	0	0	0	0	0	0	0	0	0	0	0	0	0	0	0	0
YOR009W	0	0	0	0	0	0	0	0	0	0	0	7	0	0	0	0	3	0	0	0	7	0	9	0	103	1	0	30	3	29	10	0	36	0	0	3	0	0	0	0	0	0	0	0	0	0	0	0
YGR233C	0	0	0	0	0	0	0	0	0	0	0	0	0	0	0	1	0	0	0	0	0	0	0	0	0	0	0	0	0	0	0	0	0	0	0	0	0	0	0	0	0	0	0	0	0	0	0	0
YPR022C	0	0	0	0	0	0	0	0	0	0	0	0	0	9	0	0	4	0	4	2	3	1	12	3	26	0	1	2	0	18	1	0	11	0	2	1	0	0	0	0	0	0	0	0	0	0	0	0
YLR110C	1	1	0	0	3	0	0	0	0	0	4	0	1	31	0	0	13	0	0	0	2	2	4	0	12	2	2	3	4	17	7	1	5	1	2	3	0	2	0	0	0	0	0	0	0	0	0	0
YDL188C	0	0	1	0	1	0	0	0	0	1	0	4	4	5	4	12	10	10	23	8	28	30	76	21	633	29	13	287	26	325	122	42	167	6	21	29	0	0	0	0	0	1	0	0	0	0	0	0
YPL143W	1	0	1	1	0	0	2	1	0	1	1	9	9	4	19	29	12	14	32	2	64	52	188	88	1514	69	19	520	13	593	123	16	141	1	1	4	0	1	0	1	3	0	0	0	0	0	0	0
YOR396C-A	0	0	0	0	0	0	0	0	0	0	0	0	0	0	0	0	1	0	0	0	0	0	0	0	0	0	0	0	0	0	0	0	0	0	0	0	0	0	0	0	0	0	0	0	0	0	0	0
YDL134C	0	0	1	0	1	0	0	0	0	1	0	4	4	5	4	12	10	10	23	8	28	30	76	21	633	29	13	287	26	325	122	42	167	6	21	29	0	0	0	0	0	1	0	0	0	0	0	0
YBR218C	1	2	1	0	1	0	4	0	0	7	3	11	15	22	20	91	33	26	92	40	122	171	388	69	2909	196	128	1291	121	1792	554	208	613	46	65	147	2	12	7	0	0	0	0	2	0	0	0	0
YMR321C	0	0	0	0	0	0	0	2	0	0	0	0	4	1	1	6	2	2	7	3	12	5	21	4	205	19	9	107	12	116	43	18	58	1	5	11	1	2	1	0	0	0	0	0	0	0	0	0
YHR143W	0	0	0	0	0	0	0	0	0	1	0	0	0	0	0	1	0	0	0	0	0	0	0	0	0	0	0	0	0	0	0	0	0	0	0	0	0	0	0	0	0	0	0	0	0	0	0	0
YBL003C	0	0	1	1	0	1	2	2	1	5	1	6	18	39	8	140	13	35	92	23	158	120	446	76	3914	132	86	1279	92	1843	491	121	520	38	20	140	0	3	1	0	0	0	0	0	0	0	0	0
YDR224C	1	0	0	0	1	0	2	0	0	10	0	2	28	26	10	77	71	2	33	6	15	29	93	11	754	39	10	389	11	276	70	84	121	6	38	8	0	1	0	0	0	0	0	0	0	0	0	0
YJR045C	1	0	1	1	1	0	1	0	0	0	2	2	11	3	3	16	0	10	6	5	2	14	60	2	41	8	5	9	3	7	5	0	2	0	1	0	0	2	0	0	0	0	0	0	0	0	0	0
YHR126C	0	0	0	0	0	0	0	0	0	0	0	0	0	0	0	0	0	0	0	0	0	0	1	0	1	0	0	0	0	0	0	0	0	0	0	0	0	0	0	0	0	0	0	0	0	0	0	0
YKL054C	0	0	0	0	0	0	0	8	0	8	0	6	0	16	8	9	35	7	5	18	26	33	84	24	275	66	11	120	32	277	74	43	207	4	30	79	0	3	0	0	0	0	0	0	0	0	0	0
YAL062W	0	0	0	0	1	0	0	0	0	0	0	3	0	3	1	8	2	1	6	2	7	4	28	5	210	16	3	81	5	123	9	11	17	0	2	3	0	1	0	0	0	0	0	0	0	0	0	0
YLR390W-A	0	0	0	0	0	0	0	0	0	6	0	0	6	2	0	54	2	4	34	4	22	20	54	8	772	16	18	196	6	188	114	42	52	8	12	10	0	0	0	0	0	0	0	0	0	0	0	0
YMR008C	0	0	0	0	0	0	0	0	0	0	0	0	1	2	0	2	0	0	1	0	0	5	4	1	34	4	2	14	1	11	3	1	10	0	0	2	0	0	0	0	0	0	0	0	0	0	0	0
YGR162W	0	0	0	0	0	0	0	0	0	0	0	0	0	0	0	0	0	0	0	0	0	1	0	0	0	0	0	0	0	0	0	0	0	0	0	0	0	0	0	0	0	0	0	0	0	0	0	0
YMR194W	2	0	0	1	3	0	4	2	0	11	3	2	27	22	10	187	21	39	157	58	127	458	575	90	7291	322	326	3564	343	3422	2593	1355	1006	73	332	465	5	219	7	0	0	0	1	1	0	0	1	0
YDL133C-A	5	0	3	2	3	1	18	0	1	26	3	33	81	85	52	722	53	125	311	125	502	1228	1772	301	20182	960	1027	5891	582	15547	1902	765	2994	63	84	145	2	2	5	0	0	1	0	0	0	0	0	0
YOL086C	3	1	2	1	4	3	14	5	5	57	14	21	118	212	74	985	200	106	579	180	538	1029	3249	402	25419	1677	823	12418	872	15029	4306	1399	5367	422	502	1035	11	73	79	0	9	2	2	0	4	0	0	0
YER117W	3	0	1	2	0	3	13	1	2	22	3	14	86	55	29	492	83	55	248	63	389	395	1127	196	10804	592	364	4329	345	6455	1621	533	1899	49	110	236	3	3	3	1	0	0	0	1	1	0	0	0
YPR185W	0	0	0	0	0	0	0	0	0	0	0	0	0	0	0	0	1	0	0	0	0	0	2	0	6	4	0	4	0	0	0	0	0	0	0	0	0	0	0	0	0	0	0	0	0	0	0	0
YPL273W	0	0	0	0	0	0	0	2	0	0	0	0	4	1	1	6	2	2	7	3	12	5	21	4	205	19	9	107	12	116	43	18	58	1	5	11	1	2	1	0	0	0	0	0	0	0	0	0
YBR048W	1	1	1	0	4	0	7	6	0	19	6	16	58	99	42	386	89	64	247	96	402	501	1129	208	7137	475	313	2988	224	3170	1055	398	1335	71	122	269	5	25	11	0	1	0	0	0	0	0	0	0
YKL028W	0	0	0	0	0	0	0	0	0	0	0	0	0	0	0	2	0	0	0	0	0	0	1	0	20	0	1	1	0	10	0	2	5	1	0	0	0	0	0	0	0	0	0	0	0	0	0	0
YNL162W	0	0	3	2	4	1	30	11	0	27	12	26	102	218	38	572	249	75	286	176	336	707	1846	223	12178	1113	441	5747	550	7043	2310	816	2861	163	215	542	8	25	11	0	1	3	0	0	0	0	0	0
YLR406C	0	0	0	0	0	0	1	1	0	0	0	0	0	1	0	7	3	1	6	3	4	19	33	2	236	3	3	29	0	10	2	1	0	0	0	0	0	0	0	0	0	0	0	0	0	0	0	0
YDR093W	0	0	0	0	0	0	0	0	0	0	0	0	0	0	0	0	0	0	0	0	1	0	0	0	0	0	0	0	0	0	0	0	0	0	0	0	0	0	0	0	0	0	0	0	0	0	0	0
YBL113W-A	0	0	0	0	0	0	0	0	0	0	0	0	0	0	0	0	1	0	0	0	0	0	0	0	0	0	0	0	0	0	0	0	0	0	0	0	0	0	0	0	0	0	0	0	0	0	0	0
YCL068C	0	0	0	0	0	0	0	0	0	0	0	0	1	0	0	1	2	0	4	0	4	3	8	0	51	2	2	25	11	34	11	1	14	4	2	2	0	0	0	0	0	0	0	0	0	0	0	0
YGL051W	0	0	0	0	0	0	0	0	0	0	0	0	1	3	0	4	3	2	6	0	4	8	12	3	116	15	1	54	5	82	16	8	23	2	1	14	0	0	0	0	0	0	0	0	0	0	0	0
YDL228C	0	0	0	0	0	0	0	0	0	0	0	0	0	0	0	0	0	0	0	0	0	0	0	0	0	0	0	0	1	0	0	0	0	0	0	0	0	0	0	0	0	0	0	0	0	0	0	0
YDL247W	0	0	0	0	0	0	0	0	0	0	0	0	0	0	0	1	0	0	0	0	0	1	1	0	4	3	0	3	0	8	1	1	0	0	0	1	0	0	0	0	0	0	0	0	0	0	0	0
YNL030W	4	0	0	1	3	2	22	0	1	15	4	17	87	184	36	494	140	70	196	161	372	444	1271	227	9633	704	351	4532	319	6337	1499	413	1665	68	61	212	1	13	3	0	0	0	0	0	1	0	0	1
YKL180W	0	0	0	1	2	2	2	1	0	9	5	6	28	66	10	178	49	41	109	55	115	160	584	77	4804	227	86	1294	117	1883	597	94	381	27	12	123	0	0	0	0	0	0	0	0	0	1	0	0
YGR122C-A	0	0	0	0	0	0	0	0	0	0	0	0	0	1	0	0	1	0	1	0	2	0	1	1	1	4	2	2	2	3	1	0	0	0	1	1	0	0	0	0	0	0	0	0	0	0	0	0
YKR040C	0	0	0	0	0	0	0	0	0	0	0	0	0	0	0	0	0	1	0	0	0	0	1	0	0	0	0	1	0	1	0	0	0	0	0	0	0	0	0	0	0	0	0	0	0	0	0	0
YHL046C	0	0	0	0	0	0	0	0	0	0	0	0	1	0	1	0	0	0	0	0	0	0	3	0	7	0	0	1	1	4	1	1	0	0	0	1	0	0	0	0	0	0	0	0	0	0	0	0
YKL139W	0	0	0	1	0	0	0	0	0	0	0	0	0	0	0	0	0	0	0	0	0	0	0	0	1	1	0	0	0	0	0	0	0	2	0	0	0	0	0	0	0	0	0	0	0	0	0	0
YDR150W	0	0	0	0	0	10	7	0	0	0	11	32	27	46	105	92	28	52	77	24	263	146	368	145	4071	224	234	1518	136	2528	653	153	997	53	37	175	4	0	0	0	0	0	0	0	0	0	0	0
YML010W	0	0	0	1	0	0	0	0	0	0	0	0	0	0	0	2	0	1	0	0	0	0	1	0	26	0	0	1	0	9	0	0	0	0	0	0	0	0	0	0	0	0	0	0	0	0	0	0
YIR041W	0	0	0	0	0	0	0	0	0	0	0	0	0	0	0	0	0	0	0	0	0	0	3	0	7	1	0	2	1	2	2	0	0	0	0	0	0	0	0	0	0	0	0	0	0	0	0	0
YDL083C	1	1	1	1	1	1	1	0	1	4	8	10	18	50	10	87	25	13	56	7	71	65	161	65	1783	101	80	918	45	1331	212	68	525	29	11	71	0	1	3	0	0	0	0	0	0	0	0	0
YLL039C	0	0	0	0	3	0	11	0	0	29	10	26	42	94	42	292	105	73	241	70	271	315	690	135	7234	306	224	2780	236	3487	1383	295	1347	95	80	332	2	16	6	0	0	0	0	0	2	0	0	0
YJR094W-A	2	0	0	0	0	0	0	0	0	0	0	0	7	3	2	90	9	12	30	7	41	34	106	16	901	37	28	153	22	649	120	27	121	7	1	21	0	0	0	0	0	0	0	0	0	0	0	0
YEL030W	0	0	0	0	0	0	0	0	0	0	2	0	0	2	0	8	0	0	4	0	0	0	1	0	5	0	0	0	0	2	0	0	0	0	0	1	0	0	0	0	0	0	0	0	0	0	0	0
YNL027W	0	0	0	0	0	0	0	0	0	0	0	3	1	7	0	0	5	0	4	1	0	1	11	2	22	0	1	2	0	18	0	0	7	0	2	1	0	0	0	0	0	0	0	0	0	0	0	0
YOL132W	0	0	0	0	0	0	0	0	0	2	0	0	0	0	0	0	0	0	0	0	0	0	0	0	0	0	0	0	0	0	0	0	0	0	0	0	0	0	0	0	0	0	0	0	0	0	0	0
YDL140C	0	0	0	0	0	0	0	0	0	2	0	0	0	4	0	0	0	2	0	0	0	0	2	0	10	2	0	2	0	2	0	0	0	0	0	0	0	0	0	0	0	0	0	0	0	0	0	0
YHR215W	1	0	0	0	0	0	0	0	0	0	0	0	0	3	0	5	1	0	5	2	5	9	20	3	150	9	0	65	5	65	15	13	25	2	8	5	0	0	1	1	0	0	0	0	0	0	0	0
YGR296C-B	0	0	0	0	0	0	0	0	0	0	0	0	0	0	0	0	1	0	0	0	0	0	0	0	0	0	0	0	0	0	0	0	0	0	0	0	0	0	0	0	0	0	0	0	0	0	0	0
YCR108C	0	0	0	0	0	0	0	0	0	0	0	0	0	0	0	0	0	0	0	0	0	0	2	0	0	0	0	1	0	0	0	0	0	0	0	0	0	0	0	0	0	0	0	0	0	0	0	0
YLL045C	1	0	4	3	3	2	21	6	1	33	16	37	121	124	42	479	74	81	292	112	304	712	1010	213	11078	595	401	5191	288	5576	2006	527	2232	178	204	683	11	37	12	0	1	2	0	0	0	0	0	0
YGR296C-A	0	0	0	0	0	0	0	0	0	0	0	0	0	0	0	0	0	0	0	1	0	0	0	0	0	0	0	0	0	0	0	0	0	0	0	0	0	0	0	0	0	0	0	0	0	0	0	0
YNL337W	0	0	0	0	0	0	0	0	0	0	0	0	0	0	0	0	0	0	0	0	0	2	0	0	0	0	0	0	0	1	0	0	0	0	0	0	0	0	0	0	0	0	0	0	0	0	0	0
YNL327W	0	0	0	0	2	0	0	0	0	6	0	0	4	4	12	26	4	6	26	8	24	22	76	22	448	22	16	218	22	298	76	18	98	8	6	24	0	2	0	0	0	0	0	0	0	0	0	0
YDR210W	0	0	0	0	0	0	0	0	0	0	0	0	0	0	0	2	10	0	4	0	0	0	0	0	2	0	0	0	0	0	0	0	0	0	0	0	0	0	0	0	0	0	0	0	0	0	0	0
YDL131W	0	2	1	1	0	1	3	2	0	6	1	13	22	34	27	202	38	36	110	45	186	253	468	115	4225	228	191	1846	132	2320	740	217	855	69	52	230	1	10	5	0	0	1	0	0	0	0	0	0
YML124C	0	0	1	0	0	0	0	0	0	0	0	0	0	1	0	2	0	0	1	0	0	1	10	0	31	2	0	9	0	4	0	0	1	0	0	0	0	0	0	0	0	0	0	0	0	0	0	0
YKR066C	0	0	0	0	0	0	0	0	0	0	0	0	0	0	0	0	0	0	1	0	0	2	0	0	9	0	0	0	0	0	0	0	0	0	0	0	0	0	0	0	0	0	0	0	0	0	0	0
YLR081W	0	0	0	0	0	0	0	0	0	1	0	0	1	0	0	4	1	0	2	1	0	0	0	0	28	0	0	18	0	8	1	2	6	0	0	0	0	0	0	0	0	0	0	0	0	0	0	0
YGR087C	0	0	0	0	2	0	0	0	0	0	1	0	2	6	4	10	70	2	23	16	5	10	132	3	337	230	0	743	0	12	1	0	9	0	0	1	0	0	0	0	0	0	0	0	0	0	0	0
YHR020W	0	0	0	0	0	0	0	1	0	0	0	0	0	0	0	0	0	0	0	0	0	0	0	0	1	0	0	0	0	0	0	0	0	0	0	0	0	0	0	0	0	0	0	0	0	0	0	0
YGL008C	3	1	6	3	1	3	13	0	0	15	6	24	62	34	34	518	44	70	330	57	255	317	686	162	6389	368	206	2634	220	4409	928	398	806	39	28	198	0	4	2	0	0	0	0	0	0	0	0	0
YOL103W	0	0	0	0	0	0	0	0	0	2	0	0	0	0	0	0	0	0	0	0	0	0	0	0	2	0	0	0	0	0	0	0	0	0	0	0	0	0	0	0	0	0	0	0	0	0	0	0
YDR170C	0	0	0	0	0	0	0	0	0	0	0	0	2	0	0	13	0	0	3	0	0	0	4	0	208	0	0	10	0	60	5	30	0	28	0	0	0	0	9	0	0	0	0	0	0	0	0	0
YCL025C	0	0	0	0	0	0	0	1	0	0	0	0	0	6	1	18	0	2	3	2	10	11	32	5	191	13	3	27	5	125	42	18	31	7	4	15	0	0	0	0	0	0	0	0	0	0	0	0
YBL075C	1	0	0	0	1	0	1	0	1	0	0	0	3	0	0	4	0	0	2	0	0	0	0	0	1	0	1	0	0	1	0	0	0	0	0	0	0	0	0	0	0	0	0	0	0	0	0	0
YCR091W	0	0	0	0	0	0	0	0	0	0	0	0	0	0	0	0	0	0	0	0	0	0	0	0	0	0	0	2	0	2	0	0	0	0	0	0	0	0	0	0	0	0	0	0	0	0	0	0
YER109C	0	0	0	0	0	0	0	0	0	0	0	0	0	0	0	0	1	0	0	0	0	0	0	0	5	0	0	2	0	1	0	0	0	0	0	1	0	0	0	0	0	0	0	0	0	0	0	0
YOR072W-B	10	0	465	3	2	1832	10	6	197	65	2	4	14	5	7	23	11	15	87	0	38	11	24	84	23	33	50	28	5	971	7	21	1834	7	10	112	10	15	11	1	2	0	0	1	0	0	0	0
YMR083W	0	0	0	0	0	0	0	0	0	0	0	1	0	0	0	0	0	0	0	0	0	0	0	0	1	0	0	0	0	3	0	0	0	0	0	0	0	0	0	0	0	0	0	0	0	0	0	0
YLR340W	1	0	0	1	0	2	0	0	1	5	1	0	2	6	4	6	6	0	5	0	1	1	0	3	5	2	3	5	0	27	4	1	19	0	1	1	0	0	1	0	0	0	0	0	0	0	0	0
YDL137W	0	0	1	2	0	0	3	1	0	4	1	2	8	5	6	29	25	3	20	56	26	56	174	24	475	27	22	156	22	175	70	15	101	4	4	21	0	0	0	0	0	0	0	0	0	0	0	0
YNL302C	0	0	1	0	4	0	2	2	4	2	5	7	20	61	13	210	45	43	123	62	221	226	1137	143	7579	428	113	2752	192	2933	961	280	1047	60	53	221	3	8	8	0	1	0	0	0	0	0	0	0
YPR163C	0	0	0	0	0	0	0	0	2	0	2	6	6	4	0	24	6	10	10	10	52	44	134	28	1046	50	30	450	24	592	106	28	240	6	6	30	0	0	0	0	0	0	0	0	0	0	0	0
YNL096C	1	0	1	2	1	0	7	1	1	5	8	21	18	90	30	96	52	23	107	40	134	201	610	75	3509	219	163	1358	148	1930	651	79	740	36	18	137	0	3	1	0	0	0	0	0	0	0	0	0
YEL044W	0	0	0	0	0	0	0	0	0	0	0	1	0	0	0	0	0	0	0	0	0	0	0	0	0	0	0	0	0	0	0	0	0	0	0	0	0	0	0	0	0	0	0	0	0	0	0	0
YOR394W	0	0	0	0	0	0	0	0	0	0	0	0	0	0	0	0	0	0	0	0	0	2	3	0	15	1	1	6	1	7	4	0	3	0	0	0	0	0	0	0	0	0	0	0	0	0	0	0
YHR095W	0	0	0	0	0	0	0	0	0	0	0	1	0	0	0	0	0	0	0	0	0	1	0	0	1	0	0	1	0	0	0	0	1	0	0	0	0	0	0	0	0	0	0	0	0	0	0	0
YGR287C	0	0	0	0	0	0	0	0	0	0	0	0	0	0	0	0	1	0	1	0	1	2	5	0	21	2	2	9	0	12	4	0	5	0	1	2	0	0	0	0	0	0	0	0	0	0	0	0
YDL184C	5	0	3	2	3	1	18	0	1	26	3	33	81	85	52	722	53	125	311	125	502	1228	1772	301	20182	960	1027	5891	582	15547	1902	765	2994	63	84	145	2	2	5	0	0	1	0	0	0	0	0	0
YGR130C	0	0	0	0	0	0	0	0	0	0	0	0	0	0	0	0	0	0	0	0	8	0	13	3	8	0	3	6	0	18	2	0	9	2	0	0	0	0	0	0	0	0	0	0	0	0	0	0
YDL192W	0	0	1	2	0	0	3	1	0	4	1	2	8	5	6	29	25	3	20	56	26	56	174	24	475	27	22	156	22	175	70	15	101	4	4	21	0	0	0	0	0	0	0	0	0	0	0	0
YMR170C	1	0	1	0	0	0	1	0	0	3	2	0	3	4	3	20	6	8	12	13	34	28	63	20	584	34	25	226	32	399	158	34	153	4	6	43	0	5	2	0	0	0	0	0	0	0	0	0
YCR106W	0	0	0	0	0	0	0	0	0	0	0	0	0	0	0	0	1	0	0	0	0	0	4	1	21	0	3	5	0	14	1	2	5	0	1	0	0	0	0	0	0	0	0	0	0	0	0	0
YGL066W	0	0	0	0	0	0	2	0	0	0	1	0	0	3	0	3	4	0	1	0	1	0	3	1	16	8	0	11	0	1	0	0	1	0	0	0	0	0	0	0	0	0	0	0	0	0	0	0
YDR502C	3	0	0	0	0	4	2	5	0	4	0	4	5	12	13	58	19	8	50	15	62	51	234	45	2257	148	33	1025	52	911	305	62	351	30	5	49	1	1	0	0	0	1	0	0	0	0	0	0
YER062C	0	0	0	0	0	0	1	0	0	3	0	0	6	1	1	19	0	0	3	0	0	0	0	0	1	0	0	2	0	0	1	0	0	0	0	0	0	0	0	0	0	0	0	0	0	0	0	0
YGL261C	0	0	0	0	0	0	0	0	0	0	0	0	1	0	1	0	0	0	0	0	2	0	3	0	10	0	0	1	1	3	1	0	1	0	0	0	0	0	0	0	0	0	0	0	0	0	0	0
YPL282C	0	0	0	0	0	0	0	0	0	0	0	0	0	0	0	0	0	0	0	0	0	2	3	0	15	1	1	6	1	7	4	0	3	0	0	0	0	0	0	0	0	0	0	0	0	0	0	0
YMR158C-A	0	0	0	0	0	0	0	0	0	0	0	0	0	0	0	0	0	0	0	0	0	0	0	0	3	1	0	0	0	0	0	0	0	0	0	0	0	0	0	0	0	0	0	0	0	0	0	0
YIL148W	6	2	1	2	3	1	17	6	3	36	8	28	94	77	40	578	99	108	393	101	448	506	1668	237	14550	1083	467	6912	597	9860	2482	1122	2995	162	177	683	23	27	23	0	1	3	1	0	1	0	0	0
YNR016C	0	0	0	0	0	0	0	0	0	0	0	0	0	0	0	0	0	0	0	0	0	0	0	0	0	0	0	1	0	0	0	0	1	0	0	0	0	0	0	0	0	0	0	0	0	0	0	0
YDL130W	1	0	0	2	2	1	1	0	1	7	1	1	8	11	7	38	26	6	68	8	28	30	186	48	2263	207	21	1878	36	783	191	214	468	19	32	12	1	0	3	0	0	0	0	0	0	0	0	0
YNL143C	0	0	0	0	0	0	0	0	0	0	0	0	1	1	1	2	0	0	0	0	1	0	1	0	1	2	0	1	0	0	0	0	0	0	0	0	0	0	0	0	0	0	0	0	0	0	0	0
YDR034C-C	1	0	4	3	5	2	8	1	3	13	11	27	44	120	44	270	99	94	208	92	323	300	694	199	4805	512	333	2205	326	3477	1045	403	1387	106	102	455	4	22	12	0	0	0	0	0	0	0	0	0
YJL141C	0	0	0	0	0	0	0	0	0	0	0	0	0	0	0	0	0	0	0	0	1	0	0	0	1	0	0	0	0	0	0	0	0	0	0	0	0	0	0	0	0	0	0	0	0	0	0	0
YGR280C	0	0	0	0	0	0	0	0	0	0	0	0	0	0	0	0	0	0	0	0	0	0	0	0	1	0	0	0	0	0	0	0	0	0	0	0	0	0	0	0	0	0	0	0	0	0	0	0
YFR008W	0	0	0	0	0	0	1	0	0	0	0	0	0	2	0	0	2	0	0	1	1	0	7	0	6	5	3	3	2	6	0	1	7	0	1	0	0	0	0	0	0	0	0	0	0	0	0	0
YJR150C	0	0	0	0	0	0	0	0	0	0	0	0	0	0	0	0	0	0	0	0	0	0	0	0	2	0	0	0	0	0	0	0	0	0	0	0	0	0	0	0	0	0	0	0	0	0	0	0
YBL087C	3	0	1	2	0	3	13	1	2	22	3	14	86	55	29	492	83	55	248	62	390	396	1127	195	10805	592	363	4328	345	6456	1621	534	1898	49	110	236	3	3	3	1	0	0	0	2	0	0	0	0
YPL187W	0	0	0	0	0	0	0	0	0	0	0	0	0	0	0	0	0	0	0	0	0	0	0	0	0	0	0	0	2	0	0	2	0	0	0	0	0	0	0	0	0	0	0	0	0	0	0	0
YOR387C	0	0	0	0	0	0	0	0	0	1	1	0	3	2	3	15	0	0	8	0	6	15	33	0	186	15	9	82	6	120	46	8	46	1	5	7	0	0	0	0	1	0	0	0	0	0	0	0
YBL024W	0	0	0	0	0	0	0	0	0	0	0	0	0	0	0	1	0	0	0	0	0	0	0	0	0	0	0	0	0	0	0	0	0	0	0	0	0	0	0	0	0	0	0	0	0	0	0	0
YDL075W	0	0	0	0	0	0	1	1	0	0	0	0	0	1	0	7	3	1	6	3	4	19	33	2	236	3	3	29	0	10	2	1	0	0	0	0	0	0	0	0	0	0	0	0	0	0	0	0
YGL058W	1	0	0	0	0	0	0	0	0	0	0	0	0	1	0	3	0	0	0	0	0	0	4	0	11	0	0	1	1	4	0	0	0	0	0	1	0	0	1	0	0	0	0	0	0	0	0	0
YDL061C	0	0	1	0	1	0	0	1	0	3	0	0	1	8	4	120	15	10	30	2	80	20	75	49	535	53	11	179	11	357	16	11	99	2	1	5	0	0	0	0	0	0	0	0	0	0	0	0
YLR441C	2	0	2	1	1	3	8	5	1	13	6	20	43	62	33	361	59	50	170	50	190	362	660	120	6133	486	211	3288	268	3148	1208	288	1177	55	65	323	6	6	1	0	1	0	0	0	0	0	0	0
YEL054C	1	1	1	1	0	0	7	0	0	6	4	13	38	49	23	217	21	40	146	55	217	312	665	112	6380	254	269	2167	194	4203	1106	298	1119	51	70	251	0	8	5	0	0	0	0	0	0	0	0	0
YDL248W	0	0	0	1	0	0	1	1	1	5	2	7	10	17	17	58	13	12	37	23	79	80	139	71	1116	118	68	781	76	827	298	59	493	17	36	136	3	2	0	0	0	0	0	0	0	0	0	0
YHR219C-A	0	0	0	0	0	0	0	0	0	0	0	0	0	0	0	0	1	0	0	0	0	0	0	0	0	0	0	0	0	0	0	0	0	0	0	0	0	0	0	0	0	0	0	0	0	0	0	0
YEL077W-A	0	0	0	0	0	0	0	0	0	0	0	0	0	0	0	0	1	0	0	0	0	0	0	0	0	0	0	0	0	0	0	0	0	0	0	0	0	0	0	0	0	0	0	0	0	0	0	0
YKR092C	0	0	0	0	0	0	0	0	0	0	0	0	0	0	0	4	0	5	0	0	0	9	9	3	28	3	7	54	4	2	2	8	2	0	0	1	2	0	0	0	0	2	0	0	0	0	0	0
YOR259C	0	0	0	0	0	0	0	1	0	0	0	0	0	10	0	2	6	0	1	0	0	0	0	0	0	0	0	0	0	0	0	0	0	0	0	0	0	0	0	0	0	0	0	0	0	0	0	0
YNL034W	0	0	0	0	0	0	0	0	0	0	0	0	3	0	0	0	0	0	0	2	0	0	2	0	9	2	1	3	0	7	2	2	1	0	0	0	0	0	0	0	0	0	0	0	0	0	0	0
YOR229W	1	0	0	0	0	0	0	0	0	0	0	0	0	0	0	0	0	0	0	0	0	0	0	0	0	0	0	1	0	2	0	1	0	0	0	0	0	0	0	0	0	0	0	0	0	0	0	0
YNL018C	0	0	0	0	0	0	0	0	0	0	0	0	3	0	0	0	0	0	0	2	0	0	2	0	9	2	1	3	0	7	2	2	1	0	0	0	0	0	0	0	0	0	0	0	0	0	0	0
YJL073W	0	0	0	0	0	0	0	0	0	0	0	0	0	0	0	0	0	0	0	0	0	0	0	1	0	0	0	0	0	0	0	0	0	0	0	0	0	0	0	0	0	0	0	0	0	0	0	0
YDR447C	1	1	0	0	4	0	6	4	0	9	3	8	39	72	22	289	74	46	202	87	218	449	1088	134	7986	433	247	3117	289	4756	1235	533	1705	100	114	256	1	27	7	0	22	0	1	1	0	0	0	0
YJR009C	72	13	36	59	98	30	337	136	52	877	190	604	1783	2382	898	11479	2425	2146	9561	2729	7150	19134	31438	4843	319449	16757	10775	147955	9423	168384	59663	15812	60474	5576	6190	15295	187	925	448	16	49	18	3	10	5	1	1	2
YLL024C	17	0	16	18	27	10	124	22	17	246	56	171	725	899	407	4787	817	825	2461	992	3532	5849	13033	1853	126899	5801	4259	50527	3888	72938	23747	8321	25015	2056	2352	6053	82	427	201	8	24	17	19	3	7	1	1	3
YJL159W	13	0	6	6	8	9	58	18	13	39	26	52	161	605	54	1213	428	128	776	352	786	826	3231	310	20695	988	457	6952	644	11269	3116	920	3456	346	158	865	10	41	17	6	0	0	0	0	0	0	0	0
YDL243C	0	0	0	0	0	0	0	0	0	0	0	0	0	0	0	0	0	0	1	0	0	0	0	0	1	0	0	3	1	1	0	0	1	0	0	0	0	0	0	0	0	0	0	0	0	0	0	0
YOR375C	0	0	0	0	1	0	0	0	0	0	0	3	0	3	1	8	2	1	6	2	7	4	28	5	210	16	3	81	5	123	9	11	17	0	2	3	0	1	0	0	0	0	0	0	0	0	0	0
YHL048W	0	0	0	0	0	0	0	0	0	2	2	1	5	5	7	17	9	8	12	14	44	20	63	24	343	40	20	197	17	324	72	19	87	2	4	23	0	0	0	0	0	0	0	0	0	0	0	0
YIR010W	0	0	0	0	0	0	0	0	0	1	0	0	0	0	0	0	0	0	0	0	0	0	3	0	6	0	0	2	0	16	0	2	4	0	0	0	0	0	0	0	0	0	0	0	0	0	0	0
YNL209W	11	2	8	11	9	8	65	16	10	92	32	119	270	351	201	1832	414	357	1234	432	1977	2486	6243	1060	62078	2850	1784	23858	1720	37207	10632	3185	11854	787	737	2663	36	111	46	2	1	1	2	1	1	2	0	0
YOR293W	1	0	0	0	5	1	11	5	1	8	1	10	7	35	18	117	44	8	68	11	147	75	265	72	3166	167	52	1657	35	909	220	77	364	8	16	27	1	0	0	0	0	0	0	0	0	0	0	0
YML056C	1	0	0	0	2	1	1	0	1	2	0	2	6	19	4	50	9	16	40	23	83	114	186	32	1578	86	73	606	49	890	279	100	316	27	25	76	0	3	0	0	0	0	0	0	0	0	0	0
YLR367W	2	0	1	1	0	1	8	0	1	20	1	1	19	4	4	79	9	9	53	8	22	61	60	21	624	25	25	505	18	160	115	6	26	3	0	8	0	1	0	0	0	0	0	0	0	0	0	0
YDR011W	0	0	0	0	0	0	0	0	0	0	0	0	0	0	0	0	0	0	0	0	0	2	0	0	0	0	0	0	0	0	0	0	0	0	0	0	0	0	0	0	0	0	0	0	0	0	0	0
YAR020C	0	0	0	0	0	0	0	0	0	0	0	0	0	0	0	0	0	0	0	0	0	0	0	0	1	0	0	1	0	2	1	0	2	0	0	0	0	0	0	0	0	0	0	0	0	0	0	0
YKL105C	0	0	0	0	0	0	0	0	0	0	0	0	0	0	0	0	0	0	0	0	0	0	1	0	1	1	0	0	0	1	0	0	0	0	0	0	0	0	0	0	0	0	0	0	0	0	0	0
YOL059W	0	0	0	0	0	0	0	0	0	0	0	0	0	0	0	0	0	0	0	0	0	0	0	0	1	0	0	0	0	0	0	0	0	0	0	0	0	0	0	0	0	0	0	0	0	0	0	0
YFL068W	0	0	0	0	0	0	0	0	0	0	0	0	0	0	0	0	1	0	0	0	0	0	0	0	0	0	0	0	0	0	0	0	0	0	0	0	0	0	0	0	0	0	0	0	0	0	0	0
YOR096W	1	0	1	2	1	0	7	1	1	5	8	21	18	90	30	96	52	23	107	40	134	204	607	75	3509	219	163	1358	148	1930	652	79	739	36	18	137	0	2	2	0	0	0	0	0	0	0	0	0
YJL041W	0	0	2	0	0	0	0	0	0	0	0	8	2	10	16	32	6	6	14	4	44	32	60	18	518	24	32	272	12	404	118	26	194	8	14	36	0	0	6	0	0	0	0	0	0	0	0	0
YHR131C	0	0	0	1	0	0	0	0	0	0	0	0	0	1	0	2	0	1	0	0	0	0	4	0	11	0	0	1	2	7	0	1	0	0	0	0	0	0	1	0	0	0	0	0	0	0	0	0
YKL129C	0	0	0	0	0	0	0	0	0	0	0	0	0	0	0	0	0	0	0	0	0	0	0	0	9	0	0	1	0	5	0	0	1	0	0	0	0	0	0	0	0	0	0	0	0	0	0	0
YOR173W	0	0	0	0	0	0	0	0	0	0	0	0	0	0	0	0	0	0	0	0	0	0	0	0	0	0	0	1	0	0	0	0	0	0	0	0	0	0	0	0	0	0	0	0	0	0	0	0
YHR043C	0	0	0	0	1	0	0	0	0	0	1	1	2	5	3	6	4	1	4	2	15	16	39	8	296	13	15	108	10	235	47	16	70	4	6	9	0	0	0	0	0	0	0	0	0	0	0	0
YLR437C	0	0	0	0	0	0	0	0	0	0	1	0	0	0	0	0	0	0	0	0	1	0	0	0	0	1	0	0	0	0	0	0	0	0	1	0	0	0	0	0	0	0	0	0	0	0	0	0
YFR031C-A	2	0	5	3	18	8	24	12	1	34	16	64	130	225	142	1009	260	172	717	252	1036	910	3251	595	25386	1998	734	13858	885	14237	4469	1574	5828	445	535	1228	10	54	41	0	5	1	0	0	1	0	0	1
YJL052W	42	5	17	28	43	20	153	89	21	583	99	154	896	1088	456	5543	1722	835	5848	1394	3178	7655	14723	2501	143816	9534	4859	78724	4871	76734	30130	6048	32252	2063	3049	6777	126	456	239	12	26	23	1	6	7	2	0	1
YJL198W	0	0	0	0	0	0	0	0	0	0	0	0	0	0	0	1	0	0	2	0	0	0	0	0	2	0	0	0	0	0	0	0	0	0	0	0	0	0	0	0	0	0	0	0	0	0	0	0
YLR104W	0	0	0	0	0	0	0	0	0	0	0	0	0	1	0	0	0	0	0	0	0	1	0	0	0	0	1	0	0	3	0	0	3	0	0	0	0	0	0	0	0	0	0	0	0	0	0	0
YOL121C	0	0	1	0	4	0	2	2	4	2	5	7	20	61	13	210	45	43	123	62	221	226	1137	143	7579	428	113	2752	192	2933	961	280	1047	60	53	221	3	8	8	0	1	0	0	0	0	0	0	0
YEL076C-A	0	0	0	0	0	0	0	0	0	1	0	0	0	3	4	9	2	1	5	7	13	27	18	3	211	19	63	82	46	132	51	16	59	2	9	7	1	1	0	0	0	0	0	0	0	0	0	0
YGL076C	5	2	3	6	10	7	32	10	12	85	32	61	208	236	148	969	239	249	1037	336	1203	1931	3462	736	31216	1763	1359	13830	1111	17109	6453	1547	7125	529	449	1657	18	67	59	4	2	4	1	0	0	0	0	0
YEL069C	0	0	0	0	0	0	0	0	0	0	0	0	0	0	0	0	0	0	0	0	0	0	0	0	1	0	0	0	0	0	0	0	0	0	0	0	0	0	0	0	0	0	0	0	0	0	0	0
YMR304C-A	0	0	0	0	0	0	0	0	0	1	0	0	4	0	4	1	3	1	3	2	7	41	10	6	47	0	212	11	49	137	0	23	24	1	0	0	0	0	0	0	0	0	0	0	0	0	0	0
YJL223C	0	0	0	0	0	0	0	0	0	0	0	0	1	0	1	0	0	0	0	0	0	0	1	0	8	0	0	1	1	3	1	1	2	0	0	1	0	0	0	0	0	0	0	0	0	0	0	0
YMR169C	1	0	1	0	0	0	1	0	0	3	2	0	3	4	3	20	6	8	12	13	34	28	63	20	584	34	25	226	32	399	158	34	153	4	6	43	0	5	2	0	0	0	0	0	0	0	0	0
YML074C	0	0	0	0	0	0	0	0	0	0	0	0	1	1	1	0	0	0	0	0	0	0	0	0	2	0	0	0	0	6	0	0	0	3	1	0	0	0	0	0	0	0	0	0	0	0	0	0
YKR062W	0	0	0	0	0	0	0	0	0	0	0	0	1	0	0	0	0	0	0	0	0	0	0	0	0	0	0	0	0	0	0	0	0	0	0	0	0	0	0	0	0	0	0	0	0	0	0	0
YPR080W	85	21	62	76	120	73	543	100	76	902	222	882	3144	3763	1426	17350	3279	3401	11626	4568	16742	27054	60837	8357	567592	25994	18247	215195	17450	324477	102462	29423	105672	8010	6848	27179	255	1203	851	50	60	48	7	3	13	3	1	3
YDR418W	1	1	1	1	0	0	7	0	0	6	4	13	38	49	23	217	21	40	147	55	216	312	665	112	6378	254	271	2167	194	4203	1106	298	1119	51	70	251	0	8	5	0	0	0	0	0	0	0	0	0
YDR471W	0	0	0	0	0	0	2	0	2	0	1	1	6	3	4	16	8	4	13	3	9	22	47	10	677	32	16	257	17	323	75	73	79	6	13	10	0	0	0	0	0	0	0	0	0	0	0	0
YMR173W-A	2	0	7	5	10	8	2	0	35	9	34	40	192	63	104	133	80	1048	95	448	385	1788	238	871	840	326	14958	320	7366	4301	928	2167	1950	214	548	334	34	12	8	2	0	0	0	0	2	0	0	0
YPL279C	0	0	1	0	0	0	1	0	0	0	1	0	2	5	2	8	1	2	7	7	9	15	30	0	222	20	10	98	22	172	48	13	63	6	1	22	1	0	0	0	0	0	0	0	0	0	0	0
YPL281C	2	0	0	0	0	0	0	0	0	0	0	0	0	0	0	0	0	1	0	1	0	0	2	0	13	2	0	4	0	11	0	0	2	0	0	0	0	0	0	0	0	0	0	0	0	0	0	0
YGR109W-A	0	0	0	0	0	0	0	0	0	1	0	0	0	2	0	1	0	0	2	0	1	0	6	0	11	3	1	19	1	23	4	4	7	0	0	2	0	0	0	0	0	0	0	0	0	0	0	0
YAL069W	0	0	0	0	0	0	0	0	0	0	0	0	0	0	0	0	0	0	0	0	0	0	0	2	0	0	0	0	1	0	0	0	0	0	0	0	0	0	0	0	0	0	0	0	0	0	0	0
YIL152W	0	0	0	0	0	0	1	0	0	0	0	0	0	0	0	2	0	0	0	0	1	0	0	0	0	0	0	0	0	0	0	0	0	0	0	0	0	0	0	0	0	0	0	0	0	0	0	0
YFR033C	0	0	0	0	0	0	0	0	0	0	0	0	0	0	0	0	0	0	0	0	0	0	0	0	0	0	0	0	0	0	0	1	0	0	0	0	0	0	0	0	0	0	0	0	0	0	0	0
YPR108W-A	0	0	0	0	2	0	0	0	0	0	13	2	1	15	1	4	0	3	0	3	3	1	4	2	2	4	3	0	56	4	1	84	8	1	1	2	0	0	0	0	0	0	0	0	0	0	0	0
YLR344W	1	0	0	0	0	0	5	1	0	10	4	1	14	13	31	110	35	23	112	43	150	288	321	90	2976	258	106	2041	146	1303	692	97	698	59	20	164	4	3	6	0	0	0	0	0	0	0	0	0
YIL177W-A	0	0	0	0	0	0	0	0	0	0	0	0	0	0	0	0	1	0	0	0	0	0	0	0	0	0	0	0	0	0	0	0	0	0	0	0	0	0	0	0	0	0	0	0	0	0	0	0
YLR449W	0	0	0	0	0	0	0	0	0	0	0	0	0	0	0	2	0	0	1	0	1	0	2	0	24	0	0	1	0	5	1	0	0	1	0	0	0	0	0	0	0	0	0	0	0	0	0	0
YPL240C	5	2	5	6	7	5	21	8	9	35	9	61	108	188	119	771	191	144	539	150	865	895	2050	477	20872	1064	668	8504	583	12068	3472	1016	4600	285	331	987	12	38	34	0	6	1	1	0	0	0	0	0
YDL022W	0	0	0	0	0	0	0	0	0	0	0	0	0	0	0	0	0	0	0	0	0	0	0	0	1	0	0	0	0	0	0	0	0	0	0	0	0	0	0	0	0	0	0	0	0	0	0	0
YLR044C	7	0	7	12	13	6	37	14	5	62	8	80	149	257	117	1231	260	146	807	235	812	1750	2696	446	29776	1646	761	13902	793	11291	6005	1356	3026	437	192	867	9	58	23	2	0	5	0	0	1	0	0	0
YHR096C	0	0	0	0	0	0	0	0	0	4	0	0	4	7	1	18	9	0	14	8	9	7	35	9	272	29	14	181	13	196	46	14	98	5	11	15	0	0	0	0	0	0	0	0	0	0	0	0
YBL002W	1	0	0	0	1	0	2	0	0	10	0	2	28	26	10	77	71	2	33	6	15	29	93	11	754	39	10	389	11	276	70	84	121	6	38	8	0	1	0	0	0	0	0	0	0	0	0	0
YDR174W	0	0	0	0	0	0	0	0	0	0	0	0	0	0	0	0	0	0	0	0	0	1	0	0	0	0	0	0	2	0	3	0	0	0	0	0	0	0	0	0	0	0	0	0	0	0	0	0
YDR409W	0	0	0	1	0	0	0	0	0	0	0	0	0	1	0	3	0	0	0	0	0	0	0	0	0	0	0	0	0	0	1	0	0	1	0	0	0	0	0	0	0	0	0	0	0	0	0	0
YEL070W	0	0	0	0	0	0	0	0	0	0	0	0	0	0	0	0	0	0	0	0	1	2	1	0	6	4	0	7	0	5	5	1	3	0	1	1	0	0	0	0	0	0	0	0	0	0	0	0
YOR071C	0	0	0	0	0	0	0	0	0	0	0	0	0	0	0	2	1	1	1	1	0	3	3	2	43	2	0	8	0	15	3	0	10	0	0	2	0	0	0	0	0	0	0	0	0	0	0	0
YML073C	1	0	0	0	2	1	3	3	0	3	0	5	10	32	13	86	17	37	82	24	110	121	301	56	2218	129	162	997	71	1416	395	120	404	7	28	120	0	5	1	0	0	0	0	0	0	0	0	0
YAL005C	17	0	16	18	27	11	125	22	17	246	56	171	725	900	408	4787	817	825	2461	992	3532	5849	13033	1853	126898	5801	4259	50527	3888	72941	23747	8322	25018	2056	2352	6053	82	427	201	8	24	17	19	3	7	1	1	3
YFL023W	0	0	0	0	0	0	0	0	0	0	0	0	0	0	0	0	0	0	0	0	0	0	0	2	16	0	0	10	0	16	6	2	0	0	0	0	0	0	0	0	0	0	0	0	0	0	0	0
YHR174W	34	6	35	36	67	54	228	63	43	370	128	374	1286	2072	776	7904	2005	1623	5600	2119	8811	11549	32307	5000	271059	14494	7498	111804	8183	155068	43983	15536	56703	5151	4437	13451	152	801	451	21	79	35	7	3	3	2	1	2
YDL035C	0	0	0	1	0	0	0	0	0	0	0	0	0	0	0	2	0	0	0	0	2	1	0	0	10	0	0	0	2	0	0	1	0	2	0	0	1	0	0	0	0	0	0	0	0	0	0	0
YBL011W	0	0	0	0	0	0	1	0	0	0	0	0	0	0	0	0	0	0	0	0	0	0	0	0	8	0	0	0	0	4	0	1	2	1	0	0	0	0	0	0	0	0	0	0	0	0	0	0
YPR042C	0	0	0	0	0	0	0	0	0	1	0	0	0	2	0	3	0	0	0	0	0	0	0	0	10	0	0	0	0	2	0	1	0	4	0	0	0	0	1	0	2	0	0	0	0	0	0	0
YCR102C	0	0	0	0	0	0	0	0	0	0	0	1	0	1	0	1	0	0	0	0	3	6	11	2	51	3	1	34	0	30	15	5	9	2	0	1	0	0	0	0	0	0	0	0	0	0	0	0
YFL038C	0	0	0	0	0	0	0	0	0	0	0	0	0	0	0	0	0	0	0	0	0	0	0	0	0	0	0	0	0	1	0	0	0	0	0	0	0	0	0	0	0	0	0	0	0	0	0	0
YDL005C	0	0	0	0	0	0	0	0	0	0	0	0	0	0	0	0	0	0	0	0	0	0	0	0	0	0	0	0	0	0	0	0	0	0	0	0	1	0	0	0	0	0	0	0	0	0	0	0
YBR093C	1	0	0	0	0	0	0	0	1	2	0	3	2	12	2	30	13	5	22	9	29	44	123	19	830	49	34	283	20	478	103	53	139	9	14	31	0	4	0	0	0	0	0	0	0	0	0	0
YKR106W	0	0	0	0	0	0	0	0	0	0	0	0	0	0	0	0	0	1	0	0	0	0	4	0	15	1	1	6	0	12	2	0	5	0	0	1	0	0	0	0	0	0	0	0	0	0	0	0
YBR108W	0	0	0	0	0	0	0	0	0	0	0	0	0	5	0	0	0	0	4	0	0	0	6	1	17	4	0	4	0	7	1	0	3	0	0	1	0	0	0	0	0	0	0	0	0	0	0	0
YGR240C	0	0	0	0	0	0	0	0	0	0	0	0	0	0	2	0	0	0	0	0	0	0	0	0	0	0	0	0	0	0	0	0	0	0	0	0	0	0	0	0	0	0	0	0	0	0	0	0
YLR134W	7	0	7	12	11	6	37	14	5	62	7	80	147	251	113	1221	190	144	784	219	807	1743	2564	443	29448	1416	764	13170	787	11284	6005	1354	3021	438	193	866	13	58	19	3	2	2	1	0	0	0	0	0
YML103C	0	0	0	0	0	0	0	0	0	0	2	0	0	3	0	1	9	0	1	0	2	0	7	0	0	0	0	0	2	0	0	0	0	0	0	0	0	0	0	0	0	0	0	0	0	0	0	0
YCR041W	0	0	0	0	0	0	0	0	0	0	0	0	0	0	0	0	0	0	1	0	0	0	0	0	3	0	0	3	1	1	1	0	1	0	0	0	0	0	0	0	0	0	0	0	0	0	0	0
YOR390W	0	0	1	0	0	0	1	0	0	0	1	0	2	5	2	8	1	2	7	7	9	15	30	0	222	20	10	98	22	172	48	13	63	6	1	22	1	0	0	0	0	0	0	0	0	0	0	0
YER066W	0	0	0	0	0	0	0	0	0	0	0	0	1	1	0	0	0	0	0	1	1	4	14	0	44	1	1	14	1	35	12	1	9	0	1	2	0	0	0	0	0	0	0	0	0	0	0	0
YAL068C	0	0	0	0	0	0	0	0	0	0	0	0	1	0	1	0	0	0	0	0	0	0	0	0	6	0	0	1	1	2	0	0	1	0	0	0	0	0	0	0	0	0	0	0	0	0	0	0
YGL031C	1	0	1	0	1	0	15	1	1	7	1	7	55	69	28	341	43	34	150	60	152	279	978	117	6786	331	179	2121	225	3233	885	372	881	32	53	139	5	11	2	0	0	0	0	0	0	0	0	0
YIL053W	0	0	0	0	0	0	1	0	0	3	0	0	6	1	1	19	0	0	3	0	0	0	0	0	1	0	0	2	0	0	1	0	0	0	0	0	0	0	0	0	0	0	0	0	0	0	0	0
YLR249W	0	0	1	0	0	0	1	0	0	3	0	3	2	5	12	48	5	4	13	4	5	40	50	13	597	20	21	285	18	419	124	18	187	3	5	35	0	1	0	0	0	0	0	0	0	0	0	0
YDR012W	3	0	5	11	7	5	40	13	10	68	20	71	258	396	159	1735	420	347	1174	453	1665	2250	6265	984	53458	3123	1565	24434	1774	31794	10848	2923	10850	961	697	2645	32	109	110	5	6	8	2	2	0	0	0	0
YIL066C	0	0	0	0	0	0	0	0	0	0	0	0	0	1	0	2	0	0	7	0	2	0	4	2	24	7	0	47	0	43	14	1	20	0	2	0	0	0	0	0	0	0	0	0	0	0	0	0
YDL082W	0	0	0	3	1	2	4	4	1	10	4	15	17	82	30	198	67	42	129	69	222	222	785	113	6687	274	131	2012	161	3236	935	283	1009	120	72	263	0	19	13	4	2	0	1	0	1	0	0	0
YGL253W	0	0	0	0	0	0	0	0	0	0	0	0	0	5	0	0	2	0	0	1	0	4	0	0	4	0	0	0	0	2	0	0	1	0	0	2	0	0	0	0	0	0	0	0	0	0	0	0
YDR345C	1	0	0	0	0	0	8	2	0	8	1	12	29	38	32	198	46	31	144	22	106	152	343	70	2929	204	112	1908	124	1603	710	155	1318	57	53	230	0	11	3	0	0	0	1	0	0	0	0	0
YJL177W	0	0	0	1	2	2	2	1	0	9	5	6	28	66	10	178	49	41	109	55	115	160	584	77	4804	227	86	1294	117	1883	597	94	381	27	12	123	0	0	0	0	0	0	0	0	0	1	0	0
YMR230W	1	0	0	0	5	1	11	5	1	8	1	10	7	35	18	117	44	8	68	11	147	75	265	72	3166	167	52	1657	35	909	220	77	364	8	16	27	1	0	0	0	0	0	0	0	0	0	0	0
YFL058W	0	0	0	0	0	0	0	0	0	1	0	0	0	0	1	3	1	0	1	0	4	5	7	0	28	1	5	12	7	23	4	2	12	0	1	3	0	0	0	0	0	0	0	0	0	0	0	0
YBR299W	0	0	0	0	0	0	0	0	0	0	0	0	0	0	0	0	0	0	1	0	4	2	4	1	30	2	5	9	2	16	6	1	7	1	1	1	0	0	0	0	0	0	0	0	0	0	0	0
YOR108W	0	0	0	0	0	0	1	0	0	0	0	0	1	4	1	25	3	1	11	2	12	14	38	8	264	14	5	78	13	90	39	13	35	3	2	8	0	0	0	0	0	0	0	0	0	0	0	0
YPL081W	3	0	1	1	1	1	4	2	1	9	3	13	17	28	34	120	38	32	138	30	167	166	417	152	4768	253	149	2174	130	3040	738	193	940	41	51	121	2	1	1	0	0	0	0	0	0	0	0	0
YER102W	3	1	6	7	15	4	37	16	4	50	22	79	174	286	135	1224	240	233	1017	281	1313	1656	4249	864	35335	2584	1145	18051	1203	23179	6639	2089	7305	467	716	1552	17	101	26	3	1	2	0	1	0	1	0	0
YNL054W	1	0	0	0	0	0	0	0	0	0	0	0	0	0	0	0	0	0	0	0	0	0	0	0	0	0	0	0	0	0	0	0	0	0	0	0	0	0	0	0	0	0	0	0	0	0	0	0
YOL030W	0	0	0	0	0	0	0	0	0	2	0	0	0	0	0	0	0	0	0	0	0	0	0	0	0	0	0	0	0	0	0	0	0	0	0	0	0	0	0	0	0	0	0	0	0	0	0	0
YPL283W-B	0	0	0	0	0	0	0	0	0	0	0	0	0	0	0	0	1	0	0	0	0	0	0	0	0	0	0	0	0	0	0	0	0	0	0	0	0	0	0	0	0	0	0	0	0	0	0	0
YPL283W-A	0	0	0	0	0	0	0	0	0	0	0	0	0	0	0	0	0	0	0	1	0	0	0	0	0	0	0	0	0	0	0	0	0	0	0	0	0	0	0	0	0	0	0	0	0	0	0	0
YHR054C	0	1	0	0	0	0	2	0	0	1	2	0	1	3	1	33	4	6	13	5	18	36	69	14	474	34	21	188	37	302	88	30	98	14	8	33	0	1	0	0	0	0	0	0	0	0	0	0
YJR161C	0	0	0	1	0	0	2	1	1	6	2	12	11	26	29	56	70	31	36	48	95	83	197	96	1368	139	86	786	101	974	297	79	486	23	42	114	3	3	0	0	0	0	0	0	0	0	0	0
YDL106C	0	0	0	0	1	0	0	0	0	0	0	0	0	0	0	0	0	0	0	0	0	0	0	0	0	0	0	0	0	1	0	0	0	0	0	0	0	0	0	0	0	0	0	0	0	0	0	0
YGL195W	0	0	0	0	0	0	0	0	0	0	0	0	0	0	0	0	0	0	0	0	1	0	0	0	0	0	0	0	0	0	0	0	0	0	0	0	0	0	0	0	0	0	0	0	0	0	0	0
YHR216W	2	0	1	1	0	1	5	0	0	8	1	9	22	21	20	117	28	17	54	37	92	142	306	61	2475	156	108	923	103	1335	548	136	432	40	48	192	2	10	5	0	0	0	0	0	0	0	0	0
YOR167C	0	0	0	0	1	0	0	0	0	2	0	0	0	1	4	13	6	1	19	3	27	10	94	24	709	58	13	476	16	142	73	6	68	0	1	0	0	0	0	0	0	0	0	0	0	0	0	0
YKL172W	0	0	0	0	0	0	0	0	0	0	0	0	0	0	0	3	0	0	2	0	0	0	0	0	80	1	0	3	0	19	1	10	1	9	0	0	2	0	0	0	0	0	0	0	0	0	0	0
YMR290C	0	0	0	0	0	0	0	0	0	0	0	0	0	0	0	0	0	0	0	0	0	0	0	0	1	0	0	0	0	0	0	0	0	0	0	0	0	0	0	0	0	0	0	0	0	0	0	0
YGL189C	1	0	1	0	1	0	7	2	0	3	0	1	13	11	5	69	9	7	43	9	41	35	202	17	2069	85	23	658	54	682	291	85	169	15	15	58	1	2	0	1	0	0	0	0	0	0	0	0
YDR034C-D	1	0	4	2	7	4	20	3	5	31	16	64	94	216	87	515	187	161	376	188	652	625	1412	406	10025	867	637	4562	604	6807	2085	698	2720	198	185	798	8	40	17	0	0	0	0	0	0	0	0	0
YDR034C-A	0	0	0	0	0	0	0	0	0	0	0	0	0	0	0	1	0	0	1	0	0	1	0	2	0	3	1	1	6	0	5	0	0	1	0	0	0	0	0	0	0	0	0	0	0	0	0	0
YDR443C	0	0	0	0	0	0	0	0	0	0	0	0	0	2	0	0	0	0	2	0	0	0	0	0	4	0	0	0	0	4	3	0	1	0	0	0	0	0	0	0	0	0	0	0	0	0	0	0
YEL036C	0	0	0	0	1	0	0	0	0	0	0	0	0	8	1	2	2	0	0	0	2	0	7	3	11	8	0	2	2	15	2	4	10	2	1	1	1	0	0	0	0	0	0	0	0	0	0	0
YHR010W	0	0	0	0	0	0	2	0	2	0	1	1	6	3	4	16	8	4	13	3	9	22	47	10	677	32	16	257	17	323	75	73	79	6	13	10	0	0	0	0	0	0	0	0	0	0	0	0
YDR508C	0	0	0	0	0	0	0	1	0	0	0	0	0	6	1	18	0	2	3	2	10	11	32	5	191	13	3	27	5	125	42	18	31	7	4	15	0	0	0	0	0	0	0	0	0	0	0	0
YER056C	0	0	0	0	0	1	1	0	0	5	0	2	2	8	3	24	4	8	15	5	41	29	72	24	540	35	31	184	19	463	102	34	119	8	9	47	0	2	3	0	0	0	0	0	0	0	0	0
YOL055C	0	0	0	0	0	0	0	0	0	0	0	0	0	0	0	0	0	0	0	0	1	0	0	0	0	0	0	0	0	0	0	0	0	0	0	0	0	0	0	0	0	0	0	0	0	0	0	0
YCR067C	0	0	0	0	0	0	0	0	0	0	0	0	0	0	0	3	0	0	0	0	0	0	0	0	2	0	2	0	0	0	0	0	1	0	0	0	0	0	0	0	0	0	0	0	0	0	0	0
YML063W	2	0	2	1	1	3	8	5	1	13	6	20	43	62	33	361	59	50	170	50	190	362	660	120	6130	487	213	3288	268	3148	1208	288	1177	55	65	323	6	6	1	0	1	0	0	0	0	0	0	0
YAL035W	0	0	0	0	0	0	0	0	0	0	0	0	0	1	0	2	0	0	1	0	1	0	1	0	25	0	0	1	0	14	1	0	0	1	0	0	1	0	0	0	0	0	0	0	0	0	0	0
YFR053C	0	0	0	0	0	0	0	0	0	0	0	0	0	5	0	0	2	0	0	1	0	0	4	0	3	1	0	0	0	2	0	0	1	0	0	2	0	0	0	0	0	0	0	0	0	0	0	0
YDR001C	0	0	0	0	0	0	0	0	0	0	0	0	0	0	0	0	0	0	0	0	1	0	2	1	7	0	0	6	0	2	2	0	3	0	0	0	0	0	0	0	0	0	0	0	0	0	0	0
YBL072C	3	1	6	7	15	4	37	16	4	50	22	79	174	286	135	1224	240	233	1017	281	1313	1651	4255	863	35335	2585	1144	18051	1202	23180	6640	2090	7303	469	715	1551	17	101	26	3	1	2	1	0	0	1	0	0
YCR089W	0	0	0	0	0	0	0	0	0	0	0	0	0	0	0	0	0	0	0	0	2	0	2	2	6	0	0	0	0	8	4	0	4	0	0	0	0	0	0	0	0	0	0	0	0	0	0	0
YKR013W	0	0	0	0	0	0	0	0	0	0	0	0	0	0	1	0	0	0	0	0	0	0	0	0	0	0	0	0	0	0	0	0	0	0	0	0	0	0	0	0	0	0	0	0	0	0	0	0
YHR135C	1	0	0	0	0	0	0	1	0	1	0	0	0	2	0	0	0	0	2	0	0	0	3	2	2	1	0	1	0	5	0	4	1	0	4	0	0	0	0	0	0	0	0	0	0	0	0	0
YDR543C	0	0	0	0	0	0	0	0	0	0	0	0	0	0	0	0	0	0	0	0	0	1	0	0	0	0	0	0	0	0	0	0	0	0	0	0	0	0	0	0	0	0	0	0	0	0	0	0
YBR001C	0	0	0	0	0	0	0	0	0	0	0	0	0	0	0	0	0	0	0	0	1	0	2	1	7	0	0	6	0	2	2	0	3	0	0	0	0	0	0	0	0	0	0	0	0	0	0	0
YGL025C	0	0	0	0	0	0	0	0	0	0	0	0	0	0	0	1	0	0	0	0	0	0	3	0	2	0	0	0	0	1	0	0	0	0	0	0	0	0	0	0	0	0	0	0	0	0	0	0
YER060W-A	0	0	0	0	0	1	1	0	0	4	0	2	2	7	3	24	5	8	16	5	41	30	72	25	532	35	32	182	18	462	102	34	117	8	9	48	0	2	3	0	0	0	0	0	0	0	0	0
YOR317W	0	0	0	0	0	0	0	0	0	0	0	0	0	0	0	0	0	0	0	0	0	0	0	0	0	0	0	0	0	1	0	0	0	0	0	0	0	0	0	0	0	0	0	0	0	0	0	0
YBR181C	5	4	4	15	13	10	39	7	25	51	18	67	183	332	134	1220	329	227	881	376	1232	1974	5114	712	40820	2383	1423	17350	1443	22893	7367	2263	7957	534	629	1636	14	75	75	1	12	2	0	0	0	0	0	0
YER190C-B	0	0	0	0	0	0	0	0	0	0	0	0	0	0	0	0	1	0	0	0	0	0	0	0	0	0	0	0	0	0	0	0	0	0	0	0	0	0	0	0	0	0	0	0	0	0	0	0
YER190C-A	0	0	0	0	0	0	0	0	0	0	0	0	0	0	0	0	0	0	0	1	0	0	0	0	0	0	0	0	0	0	0	0	0	0	0	0	0	0	0	0	0	0	0	0	0	0	0	0
YGL049C	0	0	0	0	0	0	0	0	0	0	0	0	0	0	0	0	0	0	0	0	0	1	0	0	0	0	0	0	0	0	0	0	0	0	0	0	0	0	0	0	0	0	0	0	0	0	0	0
YMR263W	0	0	0	0	0	0	0	0	0	1	0	0	0	2	0	1	0	0	0	0	0	0	0	0	3	0	0	2	0	2	0	0	0	0	0	0	0	0	0	0	0	0	0	0	0	0	0	0
YGL258W	0	0	0	0	0	0	0	0	0	1	1	0	3	2	3	15	0	0	8	0	6	15	33	0	186	15	9	82	6	120	46	8	46	1	5	7	0	0	0	0	1	0	0	0	0	0	0	0
YOR383C	0	0	0	0	0	0	2	0	0	4	0	0	2	0	2	10	2	0	6	2	3	6	20	2	148	6	2	58	2	38	44	10	32	4	0	4	0	0	0	0	0	0	0	0	0	0	0	0
